254790	1	180
254790	3	10
254833	1	180
254833	126	12
254833	317	10
254879	1	180
254879	33	10
254905	1	180
254905	39	12
254906	1	12
254913	1	180
254914	6	180
256674	1	8
257461	1	180
257461	35	8
257461	38	45
257461	69	8
257804	1	6
257804	6	8
257816	1	8
258159	1	8
258312	1	8
258313	1	8
258319	1	1
259464	1	1
259453	1	1
259456	1	1
259457	1	1
259458	1	1
260627	1	180
260627	4	45
260627	108	63
260627	128	45
260627	213	63
260627	575	45
253946	1	2
253952	1	2
254229	6	180
254380	8	180
254380	9	4
254415	1	1
254416	1	262139
254416	40	6
254608	1	10
254608	515	6
254608	656	4
257612	1	1
257613	1	8
260478	1	1
272612	1	0
272617	1	0
272674	1	0
272674	21	1
272761	1	1
251161	1	0
251167	1	6
251252	1	6
251493	1	0
251493	6	12
251499	1	12
251521	1	12
251548	1	0
251548	28	12
254280	1	2
254283	5	180
254283	9	2
254284	43	1
254437	1	180
254437	4	262139
254437	54	4
254437	65	6
254450	1	6
254458	1	6
256730	1	1
257487	1	180
257487	13	8
257821	1	8
257968	1	180
257968	7	8
257968	11	180
257968	12	8
258129	1	180
258129	17	8
258152	1	180
258155	1	180
258155	14	8
258156	1	1
258157	1	8
258210	1	1
258213	1	180
258213	12	8
258287	1	8
258434	1	8
258432	1	8
258440	1	8
258442	1	1
258443	1	8
258444	1	8
258446	1	8
258448	1	8
258656	1	45
258656	70	8
258690	1	1
259721	1	6
272760	1	0
272760	11	1
272774	1	0
272774	10	1
272771	1	0
272771	4	1
272775	1	1
272775	119	1
272775	125	1
272776	1	1
272776	37	1
272776	48	1
272829	1	4
272828	1	6
272828	50	4
272827	1	0
272827	12	6
256925	1	45
256926	1	45
256926	41	8
260571	1	45
260568	None	1
260572	1	45
260576	1	45
260577	1	45
260570	1	45
260575	1	45
272922	1	0
272922	19	1
272924	1	1
272927	1	1
272927	11	1
272927	64	1
272929	None	1
272930	1	6
272930	17	8
272930	156	0
272930	160	8
272921	1	0
272923	1	1
272925	None	1
272926	1	1
272936	1	6
272935	1	0
272935	5	6
272935	30	0
272935	66	6
273017	1	0
273017	11	6
273063	1	6
273012	1	0
273012	5	0
273013	1	6
273136	1	0
273136	4	6
251163	1	6
251562	1	12
251604	1	0
251604	16	12
251633	5	65537
251635	31	65537
256865	1	8
256866	1	8
256867	1	8
256867	26	6
256867	55	8
256867	56	6
256868	1	6
256868	382	8
256869	1	8
256924	1	180
256924	11	45
257682	1	8
257682	75	6
257751	1	8
258174	1	180
258174	22	8
258174	161	1
258175	1	8
258177	1	8
258211	1	180
258214	1	8
258215	1	8
258282	1	180
272907	1	0
272907	12	1
272908	1	0
272908	5	1
273006	1	0
273006	4	0
273138	1	6
273150	1	0
273150	4	6
273150	40	8
273143	1	1
273145	1	1
273142	None	1
273146	1	6
273158	1	8
273158	17	6
273158	32	8
273276	1	0
253887	43	1
254279	1	180
254279	5	2
254279	9	180
254279	10	2
256842	1	180
256842	6	8
258742	1	45
258749	1	45
258750	1	45
258959	1	180
258959	12	8
272681	1	0
272681	11	180
272682	1	0
272680	1	1
272680	13	6
272728	1	0
272728	58	0
272728	104	1
272729	1	1
272746	1	0
272747	1	0
272748	1	0
272748	9	1
272750	1	1
272762	1	1
272786	1	1
272787	1	1
272782	1	0
272782	48	1
272785	1	1
272784	1	1
272783	1	1
272798	1	2
272798	90	1
272791	1	0
272791	21	1
272809	1	0
272814	1	0
272818	1	4
272807	1	0
272812	1	6
272816	1	4
272811	1	6
272815	1	0
272815	6	4
254282	6	180
254282	9	2
254289	1	3
256935	1	180
256935	2	8
256936	1	8
256941	1	8
257024	1	180
257398	1	8
257399	1	8
257460	1	180
257490	1	8
257529	1	180
257529	4	8
257529	11	180
257529	12	8
257598	1	8
257599	2	8
258335	1	8
258403	1	180
258403	9	8
258403	18	180
258403	19	8
258423	1	8
258425	1	8
258427	1	8
258428	1	8
258703	1	45
258703	262	8
260583	1	180
260583	3	45
254230	1	1
254230	21	1
254232	1	2
256629	1	8
256630	1	8
256672	1	180
256672	7	8
256673	1	8
251522	1	12
251523	1	1
251559	1	0
251559	65	1
251560	1	12
251561	1	12
251612	1	0
251612	11	12
251636	1	65537
251640	1	1
254293	1	3
254294	1	3
254308	1	2
254310	1	1
254362	1	4
257027	1	8
257397	1	8
257400	1	8
257824	1	8
258310	1	1
272023	1	0
251121	1	65537
253947	1	2
253948	1	2
253950	1	2
253954	1	180
253954	6	2
254226	18	2
254290	1	3
254292	1	3
254306	1	180
254306	7	2
254306	10	180
254306	11	2
254307	1	2
257805	1	8
259636	1	180
259636	2	45
259636	6	180
259636	7	45
259636	51	8
259637	1	180
259637	4	8
259686	1	8
259683	1	45
259685	1	45
259685	400	8
259682	1	45
259681	1	180
259681	5	45
260533	1	8
260534	1	8
260538	1	8
260532	1	45
260532	686	8
260510	1	262139
260510	19	180
260528	1	180
260540	1	8
260536	1	8
260507	1	262139
260541	1	8
260527	1	180
260593	1	180
260593	3	45
260593	7	180
260593	8	45
260727	1	180
260722	None	1
260723	None	1
251637	1	65537
251638	1	0
251638	6	17
251638	8	0
251638	9	17
251643	1	17
251721	1	85
251721	3	17
251721	90	5
251721	98	9
251864	1	1
251864	20	1
252126	5	85
252126	6	85
252126	31	17
253886	8	1
253886	11	1
253888	76	1
253890	104	2
253890	161	3
253890	204	4
253890	240	6
253890	253	2
253943	1	180
254368	1	4
254453	1	6
254530	1	180
254530	4	10
254530	6	180
254530	7	10
254532	1	10
254852	1	180
254852	55	10
259626	1	180
259626	98	6
259811	1	8
259820	1	8
259820	16	45
259820	18	8
259820	19	45
259820	87	8
259818	1	8
259821	1	8
259810	1	45
259810	112	8
259810	227	1
259812	1	8
259813	1	8
259809	1	45
259817	1	8
259822	1	8
259822	75	45
259822	232	8
259822	233	45
251164	7	6
251251	1	85
251251	2	6
253944	1	180
253944	10	2
254231	1	2
254607	1	180
254607	6	10
256734	1	8
256843	1	8
257645	1	8
257825	1	8
258125	1	180
258692	1	45
258694	1	45
258705	1	8
258706	1	8
258712	1	8
258713	1	8
258714	1	8
258741	1	45
259884	1	180
259884	11	8
259884	41	45
259884	82	8
259884	115	45
259891	1	8
259890	1	45
259890	23	8
251781	1	85
251781	16	17
252102	1	85
252102	3	17
252116	1	17
252116	34	17
252116	43	4456363
252116	91	17
254459	1	6
254512	1	10
256727	1	8
256796	1	1
256798	1	8
257025	1	1
258445	1	8
258655	1	180
258655	6	8
258655	10	45
258702	1	45
251642	1	17
251883	1	85
251883	6	17
251883	70	12
253951	5	1
254227	1	2
254285	65	2
254285	296	3
254316	127	1
254319	53	2
254331	6	1
254332	12	180
254332	14	262139
254332	73	2
254341	1	4
254342	1	4
254349	6	262139
254349	44	4
254367	1	4
254451	1	6
254454	1	6
254455	1	1
254456	1	6
254457	1	6
254511	1	180
254511	7	10
254907	1	12
256677	1	8
256728	1	8
256729	1	8
256733	1	1
257393	1	1
257395	1	8
257396	1	8
257531	1	8
257611	1	8
257614	1	8
257644	1	8
257732	2	6
257748	1	8
257818	1	1
257969	1	8
258126	1	1
258136	1	8
258311	1	1
258745	1	45
260373	1	6
260371	1	1
260366	1	180
251496	1	12
251496	227	6
251496	243	12
251497	1	12
251498	1	12
251500	1	12
257721	1	180
257721	23	6
257722	1	6
257723	1	6
257735	1	180
257735	3	6
257735	4	180
257735	5	6
257750	1	1
257819	1	8
257822	1	8
259857	1	180
259857	3	45
259861	1	45
259862	1	45
259862	271	8
259859	1	1
251162	32	0
251162	46	17
251162	52	1
251168	1	6
251244	1	0
251244	8	6
251491	1	0
251716	1	85
254309	1	2
254313	10	2
254314	42	1
254315	72	1
254317	1	2
254318	24	1
254340	1	180
254340	7	2
254340	13	262139
254340	42	4
256675	1	8
256676	1	8
256725	1	180
256725	3	8
256801	1	8
257026	1	1
257394	1	8
257823	1	8
258158	1	8
258320	1	8
258334	1	1
258426	1	8
260426	1	45
260427	1	45
260427	58	8
260439	1	8
260425	1	45
260424	1	45
260422	1	45
260433	1	8
260431	1	8
260423	1	45
260608	None	1
273408	1	1
273408	4	1
273410	1	6
273402	1	0
273402	10	45
273402	46	63
273402	59	45
273402	79	8
273402	190	45
273402	255	63
273403	1	8
273405	1	8
273407	None	1
273409	1	6
273412	1	6
273406	1	8
273411	1	6
273404	1	8
273554	1	0
273554	63	45
273555	1	45
273730	1	16
273730	287	16
273730	295	16
273730	1491	16
273725	1	0
273725	7	16
273725	109	45
273725	1224	16
273728	1	16
274317	1	1
274315	1	90
274319	1	90
274314	1	90
274316	1	90
274318	1	90
274373	1	90
274421	1	90
274422	1	90
274422	363	63
274422	1159	45
274422	1734	16
274420	1	90
274958	1	18
274959	1	18
274953	1	63
274953	11	18
274954	1	63
274954	31	18
274955	1	18
274957	1	63
274957	4	18
274957	11	0
274957	14	18
275832	1	90
275832	202	72
275846	1	1
275834	1	72
275834	170	63
275835	1	63
275841	1	45
275837	1	45
275828	1	90
275836	1	63
275836	769	45
275829	1	90
275831	1	90
275833	1	72
275838	1	45
275847	1	45
275847	671	24
274249	1	90
274251	1	90
274251	273	63
274250	1	90
274278	1	90
274334	1	0
274334	5	90
274336	1	90
274344	1	0
274344	6	63
274344	35	45
274344	398	16
274335	1	90
274339	1	63
274345	1	16
274337	1	90
274338	1	90
274338	38	63
274382	1	90
274889	1	90
274917	1	63
274909	1	63
274904	1	63
274895	1	63
274888	1	1
274913	1	63
274905	1	63
274894	1	90
274999	1	63
274999	218	45
274998	1	63
274998	61	63
275000	1	45
275001	1	45
275001	1086	24
275021	1	63
275030	1	63
275035	1	63
275034	1	63
275062	1	1
275059	1	63
275059	67	63
275059	89	90
275068	1	63
275068	826	45
275064	1	63
275074	1	45
275067	1	63
275067	288	63
275073	1	63
275073	8	45
275063	1	1
275063	10	1
275066	1	63
275134	1	63
275865	1	90
275865	42	72
273394	None	1
273502	1	0
273502	15	16
273503	1	16
273504	1	0
273523	1	16
273514	1	16
273514	21	16
273526	1	16
273526	8	16
273537	1	16
274102	1	1
274104	1	16
274104	36	16
274103	1	1
274106	1	16
274107	1	1
274108	1	16
274105	1	16
275124	1	63
275124	85	63
275124	309	63
275125	1	63
275125	757	45
275337	1	63
275319	1	63
275319	142	72
275319	280	63
275326	1	63
275338	1	63
275338	256	45
275370	1	63
275370	65	72
275371	1	72
275371	36	63
275752	1	1
275767	1	1
275757	1	90
275763	1	90
275774	1	72
275774	232	63
275765	1	1
275773	1	1
275772	1	72
275777	1	63
275768	1	72
275776	1	63
275778	1	63
275782	1	90
275782	4	45
275759	1	1
275761	1	90
275769	1	72
273424	1	0
273424	6	16
273425	1	0
273425	8	16
273425	54	16
273425	61	16
273426	1	16
273589	1	16
273592	1	16
273590	1	16
274748	1	0
274799	1	0
274733	1	0
274656	None	1
274806	1	90
274806	11	16
274806	14	1
275310	1	45
275310	1932	24
275308	1	63
275309	1	63
275309	380	45
273286	1	0
273295	1	1
273301	1	8
273302	1	8
273290	1	0
273290	4	8
273290	13	6
273291	1	6
273292	1	6
273296	1	6
273296	14	8
273287	1	0
273287	44	8
273294	None	1
273299	1	8
273443	1	0
273443	25	45
273440	1	0
273440	5	0
273447	1	45
273446	1	45
273450	1	16
273433	1	6
273442	1	0
273442	5	0
273445	1	1
273432	None	1
273449	1	0
273449	7	16
273429	1	6
273444	None	1
273448	1	45
273448	379	16
273492	1	0
273492	30	90
273492	41	1
273492	55	16
273493	1	0
273493	4	16
273494	1	16
274083	1	1
274081	1	1
274303	1	90
274877	1	90
274877	5	0
274877	69	1
274945	1	18
274943	1	18
274982	1	1
274985	1	1
274983	1	1
274990	1	63
274990	4	63
274990	15	63
275045	1	1
275046	1	1
275260	1	1
275189	1	63
275234	1	63
275284	1	63
275285	None	1
275283	1	63
275291	1	63
275291	278	45
275282	1	72
275282	141	63
275290	1	63
275292	1	45
275286	1	63
275289	1	63
275293	1	45
275311	1	24
275375	1	63
275375	81	72
275375	250	63
275375	1181	45
275376	1	45
275376	1971	24
275376	3014	18
274094	1	16
274172	1	0
274172	7	90
274172	55	63
274169	1	1
274171	1	0
274170	1	0
274170	7	1
274197	1	0
274197	4	63
274200	1	0
274200	5	63
274200	74	45
274198	1	63
274198	115	90
274199	1	90
274199	14	63
274236	1	0
274236	8	90
274243	1	0
274240	1	90
274239	1	90
274244	1	0
274244	15	45
274244	152	16
274241	1	90
274241	442	63
274241	853	45
274968	1	63
274968	8	90
274968	270	63
274968	277	90
274968	314	63
274971	1	45
274970	1	45
274966	1	63
274966	32	18
274966	61	63
274967	1	63
274969	1	63
274969	115	45
275451	1	1
275420	1	63
275588	1	63
275588	3	45
275601	1	63
275603	1	63
275674	1	72
275764	1	90
275764	19	72
275766	1	72
275781	1	90
275781	4	63
275781	15	45
275783	1	45
275783	1256	24
275758	1	1
275760	1	1
273373	1	0
273373	11	8
273385	1	0
273385	7	0
273383	None	1
273386	1	0
273386	4	0
274080	1	1
274079	1	0
274079	8	1
274125	1	0
274161	1	45
274159	1	45
274157	1	0
274157	20	90
274157	355	0
274157	359	63
274157	484	45
274160	1	45
274282	1	90
274284	1	90
274283	1	90
274285	1	1
274286	1	90
274440	1	90
274441	1	90
274441	333	63
274443	1	63
274442	1	63
274868	1	90
274861	1	90
274880	1	1
275476	1	63
275658	1	72
275658	211	63
275658	232	72
275656	1	63
275656	113	72
275657	1	72
275657	9	90
275657	49	72
275659	1	72
274087	1	1
274088	1	1
274142	1	45
274147	1	1
274146	1	0
274146	4	45
274387	1	90
274388	1	90
274388	756	63
274388	1755	45
274981	1	1
274980	1	1
275344	1	63
275344	77	72
275345	1	63
194076	1	14
194076	564	14
195947	1	0
195947	3	20
195948	1	20
196351	1	20
196351	37	30
196351	50	20
196364	1	20
196364	815	14
200229	1	20
200229	85	20
202973	1	20
202973	1312	20
205777	1	20
206605	1	20
208352	1	20
208395	1	20
276453	1	90
276453	42	45
276454	1	90
276454	8	45
276457	1	45
276437	1	90
276437	240	72
276437	762	63
276437	1882	45
276458	1	45
276458	233	24
276455	1	45
276456	1	45
278308	1	105
278308	325	91
278308	986	73
278308	1330	64
278310	1	64
278310	674	46
278309	1	64
279716	1	91
279716	30	73
279716	353	64
279716	1271	46
279715	1	119
279715	197	105
279715	531	91
280239	1	1
280235	1	1
280236	1	1
280238	1	1
280241	1	119
280249	1	91
280249	58	73
280249	406	64
280249	1268	46
280233	1	1
280240	1	1
280242	1	119
280242	10	132
280242	86	119
280242	242	105
280242	510	91
280251	1	46
280234	1	1
281565	1	119
281624	1	119
281626	1	119
281632	1	119
281639	1	119
281639	23	105
281639	32	119
281639	111	105
281641	1	119
281641	3	105
281641	24	91
281641	33	73
281641	36	91
281641	139	73
281636	1	119
281636	5	91
281637	1	1
281638	1	91
281638	18	105
281638	21	119
281674	1	145
281674	11	132
281674	15	145
281689	1	1
281671	1	1
281693	1	132
281693	11	119
281693	194	105
281693	420	91
281693	615	73
281693	900	64
281693	1721	46
281685	1	1
281658	1	1
281686	1	132
281663	1	145
281663	116	132
281663	121	145
281662	1	145
281691	1	132
281680	1	145
281680	9	132
281659	1	1
281727	1	64
281727	526	46
281727	1529	32
281726	1	73
281726	42	64
281707	1	145
281707	99	132
281707	102	145
281707	151	132
281707	156	145
281707	193	132
281707	322	119
281707	475	105
281707	684	91
281707	873	73
204100	1	30
204100	144	1
204545	1	20
204545	94	20
205667	1	20
205667	202	20
207328	1	1
207889	1	20
207889	33	20
276586	1	63
276586	24	45
276581	1	90
276581	330	72
276582	1	72
276582	443	63
276583	1	63
276584	1	1
276585	1	63
276587	1	45
276835	1	1
276837	1	24
276831	1	90
276831	125	72
276831	665	63
276831	1485	45
276834	1	45
276834	411	24
276824	1	90
276832	1	90
276832	6	45
276836	1	24
276830	1	1
279080	1	119
279080	80	32
279588	1	119
279588	206	105
279588	208	119
279588	281	105
279588	464	91
279588	706	73
279588	990	64
281588	1	119
281588	17	32
281589	1	1
281731	1	145
281797	1	145
281797	185	132
281797	386	119
281797	564	105
281797	776	91
281797	984	73
281797	1211	64
281797	2169	46
281824	1	1
281885	1	145
281964	1	1
281976	1	119
281976	203	105
281976	311	91
281976	531	73
281976	710	64
281976	1077	46
281976	1111	32
281976	1119	46
281976	1242	64
281976	1362	46
281976	2058	32
281975	1	145
281975	27	132
281975	166	119
281974	1	145
281974	16	119
190662	1	5
191202	1	8
193334	1	14
193917	1	14
195014	1	20
195015	1	20
195749	1	14
200091	1	0
200091	2	20
200091	701	20
206207	1	0
206207	3	30
206207	148	20
206550	1	30
206550	76	20
207316	1	20
276326	1	1
276318	1	72
276318	350	63
276317	1	72
276327	1	90
276327	56	63
276315	1	90
276315	126	72
276870	1	120
276870	78	105
276870	137	90
276870	488	72
276870	1040	63
276870	1803	45
276864	1	120
276935	1	120
276935	81	105
276935	265	90
276935	483	72
276935	496	90
276935	604	72
278273	1	119
278273	67	105
278273	84	91
278274	1	91
281010	1	119
281117	1	119
281117	10	2
281393	1	119
281393	8	2
281419	1	119
281419	8	2
281439	1	2
281382	1	119
281382	6	2
281443	1	2
281454	1	119
281454	3	2
281398	1	119
281398	4	2
281403	1	119
281403	11	2
282033	1	145
282033	81	132
282033	111	132
282033	115	119
282034	1	119
282035	1	119
282035	12	105
282035	34	91
282037	1	119
282037	15	105
282037	67	119
282037	203	105
282037	426	91
282037	645	73
282037	865	64
282037	1490	46
282036	1	1
194314	1	14
195644	1	20
205627	1	20
205627	123	20
276659	1	90
276659	3	45
276655	1	63
276655	828	45
276653	1	90
276653	74	72
276653	541	63
276886	1	1
276922	1	120
276923	1	120
277096	1	90
277096	8	72
277096	556	63
277096	1319	45
277093	1	120
277093	60	105
277094	1	105
277094	253	90
277112	1	120
277112	38	45
277305	1	120
277305	116	105
277305	319	90
277305	681	72
279298	1	119
279296	1	1
279289	1	119
279297	1	119
280186	1	119
280194	1	119
280194	14	64
280191	1	105
280191	205	91
280191	406	73
280191	728	64
280187	1	119
280187	16	132
280190	1	1
280188	1	132
280188	66	119
280188	219	105
280182	1	1
280181	1	1
280192	1	1
280193	1	1
280185	None	1
280189	1	1
282092	1	145
282092	4	145
282092	96	132
282092	111	132
282092	248	119
282092	429	105
282092	598	91
282092	815	73
282092	1074	64
282092	1836	46
282175	1	145
282175	10	132
282194	1	145
282190	1	145
282181	1	145
282184	1	145
282188	1	1
195913	1	20
195930	1	20
195930	150	14
195936	1	1
196131	1	20
196497	1	20
198022	1	0
198022	73	1
198022	101	14
198022	109	1
198022	113	14
202205	1	30
202205	93	20
202207	1	1
202208	1	1
202209	1	20
202237	1	30
202237	102	20
202237	986	20
205310	1	30
205310	75	20
205718	1	30
205718	168	20
205718	703	20
206088	1	30
206088	93	20
206102	1	30
206102	60	20
206102	64	30
206102	83	20
206188	1	20
206868	1	20
206869	1	20
207885	1	20
277125	1	120
277127	1	105
277127	13	90
277127	356	72
277127	855	63
277126	1	120
277126	31	105
277580	1	1
277559	1	120
277981	1	63
277981	85	24
277992	1	18
277991	1	120
277991	7	18
278239	1	120
278239	79	90
278239	381	72
278240	1	72
278240	65	63
278240	778	45
278315	1	105
278315	233	91
278315	488	73
278572	1	119
278820	1	119
278820	22	105
278820	25	119
278820	106	105
278820	411	91
278820	645	73
278820	956	64
278821	1	64
278816	1	119
191419	1	14
191419	36	1
193123	1	5
195099	1	20
195110	1	20
195112	1	20
195113	1	20
195647	1	20
195748	1	1
198955	1	20
198955	351	20
199409	1	20
199409	616	20
200152	1	20
200160	1	20
200161	1	20
200174	1	20
200176	1	20
200177	1	20
200525	1	20
200525	749	20
200599	1	20
200600	1	20
200600	642	20
201611	1	30
201611	132	20
202092	1	1
202301	1	20
202303	1	20
202305	1	20
202314	1	30
202314	190	20
202328	1	30
202328	136	20
202331	1	1
202332	1	1
202333	1	20
202389	1	30
202389	127	20
202389	211	0
202469	1	30
202469	141	20
202471	1	1
202472	1	20
202476	1	1
202477	1	20
202478	1	20
202478	230	20
202504	1	30
202504	83	20
202504	735	20
202869	1	0
203833	1	20
203834	1	20
203835	1	20
203835	318	20
203853	1	30
203853	122	20
203894	1	30
203894	86	20
203894	485	20
203909	1	0
203909	3	30
203909	192	20
203981	1	20
203986	1	20
204803	1	30
205236	1	30
205236	3	20
205614	1	20
205683	1	30
205683	76	20
206897	1	30
206897	29	20
206901	1	20
206940	1	20
206940	596	20
207099	1	30
207099	150	20
207099	923	20
207100	1	20
207214	1	0
207214	14	30
207214	151	20
207217	1	20
207222	1	20
276525	1	90
276525	89	72
276525	620	63
276525	1490	45
276527	1	45
276528	1	45
276528	328	24
276808	1	72
276808	512	63
276811	1	63
276811	216	45
276811	2170	24
276807	1	90
276807	158	72
276810	1	63
278072	1	120
278167	1	120
278167	86	72
278167	431	63
278167	1098	45
278175	1	120
278175	4	45
278175	63	24
193093	1	14
193093	16	1
194116	1	1
194428	1	14
195016	1	14
195016	440	20
195265	1	20
196099	1	20
199868	1	20
199875	1	20
199877	1	20
199960	1	20
199961	1	20
199961	188	20
199967	1	20
199973	1	20
200041	1	20
200041	652	20
201191	1	0
201191	7	20
201191	88	30
201191	140	20
201191	875	20
201676	1	1
201678	1	20
201708	1	20
201727	1	30
201727	78	20
203992	1	20
207488	1	20
207714	1	0
207714	4	30
207714	71	1
208307	1	30
208307	11	20
208307	630	20
278817	1	119
278819	1	119
278822	1	64
278822	218	46
278822	1472	32
278822	1504	18
279207	None	1
279205	None	1
279479	1	119
279479	32	91
279479	124	32
279488	1	64
279487	1	64
279487	36	64
279487	38	64
279487	55	64
279489	1	64
279484	1	64
279480	1	1
279480	4	1
279546	1	119
279557	1	119
279539	1	119
279538	1	1
279538	5	1
279553	1	119
193922	1	14
194051	1	14
195109	1	20
195111	1	20
195115	1	20
195163	1	20
195664	1	14
195664	2	14
195747	1	1
195747	6	1
195747	7	1
195927	1	20
196107	1	20
196197	1	0
196197	3	20
196199	1	20
196203	1	20
196353	1	20
196458	1	14
199703	1	20
199739	1	0
199739	3	20
199745	1	20
199751	1	20
199752	1	20
199753	1	20
199754	1	20
199754	11	20
200187	1	1
200228	1	20
201807	1	20
201808	1	20
201810	1	20
202876	1	0
202909	1	0
207515	1	0
207515	3	30
207515	213	20
207515	1072	20
277202	1	120
277202	46	45
277194	1	105
277194	336	90
277194	711	72
277194	1275	63
277194	2028	45
277201	1	1
277863	1	120
277861	1	24
277860	1	1
277862	1	24
277864	1	120
279543	1	119
279584	1	119
279667	1	119
279667	107	132
279667	145	119
279667	310	105
279667	584	91
279667	785	73
279691	1	119
279691	94	132
279694	1	132
279694	44	119
279694	248	105
279694	524	91
279694	745	73
279694	1036	64
279694	1913	46
280952	1	1
280953	1	1
280958	1	1
280960	1	1
280946	1	1
195655	1	20
199804	1	20
199804	561	20
200042	1	20
200049	1	20
200049	320	20
201803	1	20
201805	1	20
203742	1	20
204564	1	20
204564	436	20
204566	1	20
205214	1	1
205233	1	0
205233	5	30
205235	1	1
205599	1	30
205834	1	20
275963	1	90
278337	1	105
278322	1	105
279794	1	119
279794	79	132
279794	157	119
279794	341	105
279794	628	91
279794	870	73
280955	1	119
280938	1	1
280948	1	1
280947	1	1
281084	1	1
281085	1	119
281165	1	2
281155	1	1
281166	1	119
281166	5	2
281167	1	119
190688	1	5
190688	4	14
200178	1	20
201005	1	20
201005	49	20
201097	1	20
201097	500	20
201113	1	1
201114	1	20
201173	1	20
201174	1	20
201174	415	20
201176	1	1
201624	1	30
201624	176	20
201625	1	20
201625	738	20
201692	1	30
201692	130	20
201705	1	30
201705	79	20
201706	1	20
204600	1	20
204797	1	30
205193	1	0
205193	4	30
205193	61	20
205193	65	30
205193	100	20
205193	805	20
205217	1	20
205237	1	20
205238	1	20
205238	164	20
205303	1	30
205303	38	20
205344	1	20
205344	377	20
205515	1	30
205515	84	20
206066	1	0
206066	6	30
206066	134	20
206304	1	20
206389	1	0
206389	4	30
206389	124	20
206390	1	20
206391	1	20
206446	1	0
206446	5	30
206446	147	20
206446	967	20
206466	1	30
206466	79	20
206476	1	30
206575	1	20
206744	1	30
206744	51	20
206859	1	0
206859	3	30
206859	162	20
206866	1	20
206866	216	20
207269	1	0
207269	4	30
207269	88	20
207273	1	20
207273	310	20
278018	1	90
278018	195	72
278018	702	63
278017	1	120
278017	429	105
278017	455	90
278769	1	119
278770	1	119
278770	42	105
278770	435	91
278770	645	73
279071	1	119
279071	70	64
279071	158	46
279073	1	1
279072	1	1
279115	1	119
279115	123	64
279115	216	73
279115	248	91
279115	295	105
279115	351	119
279115	564	46
279116	1	105
279116	163	91
279116	391	73
279654	1	119
279654	14	105
279654	306	91
279654	506	73
279654	831	64
279658	1	64
279658	173	46
279657	1	1
279653	1	119
279656	1	64
280361	1	1
280327	1	119
280330	1	119
280330	187	105
280330	470	91
280330	690	73
280363	1	119
280363	3	46
280363	5	64
280363	243	46
280349	1	73
280349	151	64
280349	471	46
280349	481	64
280364	1	46
280364	1202	32
280362	1	1
281090	1	119
281089	1	1
281088	1	1
281145	1	2
281164	1	1
281178	1	119
281178	22	2
281156	1	2
281189	1	2
281201	1	2
281242	1	2
281280	1	2
281222	1	2
281209	1	2
281285	1	2
281286	1	119
281286	5	2
281213	1	119
281213	17	2
281256	1	119
281256	14	2
281216	1	2
281200	1	1
281202	1	119
281265	1	2
281227	1	2
281207	1	2
281208	1	119
190462	1	1
190591	1	14
190591	12	5
191090	1	8
191090	56	1
193998	1	14
195013	1	20
195776	1	20
195776	426	14
195868	1	20
195915	1	20
195917	1	20
195919	1	20
195925	1	20
195970	1	0
195970	2	20
200991	1	20
200991	550	20
201200	1	20
201200	157	20
201229	1	30
201229	54	20
201658	1	30
201658	3	20
201668	1	30
201668	107	20
201671	1	20
201671	559	20
201679	1	20
203991	1	20
203994	1	20
204553	1	20
205111	1	0
205111	4	30
205111	89	20
205111	92	30
205111	114	20
205611	1	1
205826	1	30
205826	85	20
205908	1	30
205921	1	30
205921	25	20
206258	1	20
206297	1	0
206297	4	30
206302	1	30
206302	35	20
206539	1	30
206939	1	0
206939	4	30
206939	34	20
207219	1	20
207219	4	20
207220	1	20
207371	1	30
207371	72	20
207397	1	30
207397	29	20
207397	32	30
207397	60	20
207477	1	30
207477	178	20
278270	1	119
278270	9	1
280226	1	119
280226	23	132
280384	1	132
280384	15	119
280385	1	119
280385	178	105
280385	466	91
280385	631	73
280385	1011	64
280385	2002	46
280383	1	119
280383	68	132
281231	1	119
281231	7	2
190492	1	1
191421	1	1
193928	1	14
194108	1	14
194108	821	14
194224	1	14
199862	1	20
199863	1	1
199864	1	20
199867	1	20
199867	87	20
200992	1	20
201115	1	20
201159	1	0
201159	4	20
201164	1	20
201168	1	20
201168	198	20
201554	1	30
201554	93	20
202000	1	0
202000	18	30
202084	1	30
202084	87	20
205519	1	20
205519	281	20
275918	1	63
275920	1	63
275920	13	45
275923	1	45
275911	1	90
275911	259	72
275912	1	72
275912	261	63
275931	1	45
275913	1	63
275921	1	45
275922	1	1
276094	1	1
276093	1	1
276097	1	90
276097	107	72
276095	1	1
276092	1	90
276096	1	1
278287	1	1
278288	1	119
278288	74	91
278289	1	91
278290	1	91
279304	None	1
279311	None	1
280307	1	119
280307	41	1
190488	1	1
194270	1	14
195114	1	20
198207	1	20
198208	1	20
198210	1	20
198212	1	20
198212	264	14
198213	1	14
198215	1	14
200180	1	20
200185	1	20
200186	1	20
200188	1	20
200960	1	0
200960	8	20
200976	1	20
201815	1	20
202299	1	30
202299	165	20
203912	1	20
203912	382	20
206573	1	20
206594	1	30
206594	108	20
206596	1	20
206596	324	20
207279	1	30
207279	69	20
207279	902	20
207883	1	20
207884	1	20
207886	1	20
208302	1	1
208538	1	30
276186	1	90
276190	1	90
276183	1	90
276185	1	1
276181	1	90
278395	1	105
278406	1	119
278406	183	105
278406	477	91
278406	650	73
278406	1017	64
278957	1	119
278954	1	1
279887	1	119
279887	65	132
279887	78	119
279887	298	105
281103	1	119
281103	23	2
281130	1	119
281130	27	2
281131	1	2
281508	1	1
281508	89	1
281590	1	119
194790	1	14
195950	1	20
195950	849	14
196048	1	20
196094	1	1
196097	1	20
196201	1	1
196433	1	20
198214	1	14
198269	1	20
198271	1	20
198271	463	20
198346	1	20
198372	1	20
198485	1	20
198486	1	20
198487	1	20
198487	451	20
198522	1	20
198898	1	0
198898	3	20
198898	125	20
198941	1	20
199103	1	0
199103	56	20
199428	1	20
199428	595	20
201197	1	20
204511	1	20
204555	1	20
204599	1	0
204599	3	30
204599	143	20
204792	1	30
204792	5	0
205158	1	0
205158	3	30
205158	102	20
205311	1	20
205311	168	20
205339	1	30
205339	75	20
205618	1	20
206210	1	20
206210	486	20
206243	1	0
206243	3	30
206243	165	20
206243	909	20
206245	1	20
206246	1	20
206257	1	20
206301	1	1
206303	1	20
206478	1	20
206512	1	0
206512	2	30
206512	96	20
206512	883	20
208341	1	20
208341	407	20
208407	1	20
208428	1	20
208429	1	20
208487	1	30
208487	40	20
208540	1	30
208540	13	20
208541	1	20
208553	1	20
208686	1	0
208686	6	30
208686	148	20
277148	1	120
277148	84	90
277148	395	72
277168	1	120
277168	9	72
277168	267	63
277168	973	45
277166	1	120
277166	102	90
277166	193	72
278873	1	119
278873	76	91
278873	95	73
278874	1	73
278874	53	91
278874	197	73
278874	404	64
278875	1	64
278875	219	46
278875	224	64
278875	422	46
278875	424	64
278875	533	46
281546	1	2
281545	1	1
281545	11	1
281611	1	119
194535	1	14
196438	1	20
196438	521	14
196509	1	20
196531	1	20
198202	1	20
198211	1	20
198229	1	0
198229	5	20
198230	1	20
198249	1	20
198954	1	20
198969	1	20
198969	673	20
199008	1	20
199011	1	20
199318	1	20
199319	1	20
199319	686	20
199336	1	20
199356	1	20
199429	1	20
199435	1	20
199435	590	20
199436	1	20
199436	642	20
199563	1	1
199564	1	20
199565	1	1
199566	1	20
199567	1	20
199568	1	20
199569	1	20
199569	354	20
199570	1	20
199571	1	20
199572	1	20
199573	1	20
199574	1	20
199608	1	20
199608	602	20
199608	2267	20
199698	1	0
199698	10	20
199701	1	1
200601	1	20
202091	1	20
203780	1	20
203830	1	0
203830	5	30
203830	86	20
203832	1	20
204113	1	30
204113	183	20
204238	1	30
204238	38	20
205694	1	20
205694	94	20
207875	1	30
207875	2	1
207882	1	30
207882	38	20
208535	1	30
208551	1	30
208551	105	20
208551	290	20
208552	1	1
209089	1	20
209089	8	20
209089	35	20
209089	39	20
209106	1	20
209106	42	20
209109	1	20
209146	1	0
209146	3	20
209148	1	20
209151	1	20
209151	311	20
276494	1	90
276495	1	90
276502	1	45
276501	1	90
276501	354	72
276501	821	63
276501	1849	45
277180	1	120
277180	93	105
277180	147	90
277420	1	120
277420	73	90
277420	78	120
277420	84	105
277420	237	90
277847	1	120
278001	1	1
277998	1	1
281612	1	119
281613	1	119
281613	108	5
281613	123	6
281613	131	9
281613	141	132
281613	157	119
281613	170	105
281613	178	91
281613	185	73
281613	193	64
281613	200	46
281613	206	32
281613	212	18
281613	219	9
281613	228	6
281613	237	5
281613	242	6
281616	1	119
281616	3	6
281616	15	46
281616	228	6
281616	236	5
281616	251	6
281616	263	3
281616	271	5
281616	366	3
190490	1	1
190491	1	1
190592	1	14
190592	4	5
190593	1	5
190595	1	5
190661	1	5
190663	1	5
190678	1	5
190679	1	5
190702	1	5
190702	67	8
190703	1	8
190704	1	8
190705	1	8
190705	95	5
190706	1	14
190706	9	5
190707	1	5
190708	1	5
190906	1	8
190945	1	8
190949	1	8
190949	82	1
191043	1	8
191242	1	1
191247	1	8
191248	1	8
191264	1	14
191264	13	8
191264	76	14
191271	1	14
191276	1	14
191367	1	14
191367	3	1
191387	1	14
191387	3	1
191404	1	1
191406	1	1
191411	1	14
191694	1	14
191695	1	14
191697	1	1
191700	1	14
191701	1	14
191718	1	14
191720	1	14
191721	1	14
191723	1	1
191810	1	14
191811	1	14
191830	1	14
191832	1	1
191833	1	14
193112	1	1
193112	20	5
193112	54	1
193115	1	1
193116	1	1
193124	1	14
193124	8	5
193192	1	14
193192	31	5
193192	39	1
193192	51	14
193193	1	14
193207	1	14
193336	1	14
193336	608	8
193621	1	14
193833	1	14
193834	1	14
193898	1	14
193904	1	14
193905	1	14
194150	1	14
194151	1	14
194151	498	14
194153	1	14
194199	1	14
194210	1	14
194210	422	14
194223	1	14
194303	1	14
194304	1	14
194305	1	14
194427	1	14
194429	1	14
194429	26	14
194439	1	14
194455	1	14
194464	1	14
194479	1	14
194480	1	14
194480	312	14
194702	1	14
194704	1	14
194704	382	14
194711	1	14
194897	1	14
194914	1	14
194914	3	20
194914	17	14
194914	21	20
194914	25	14
194915	1	14
195147	1	20
195164	1	20
195165	1	20
195249	1	20
195251	1	20
191046	1	8
191056	1	14
191057	1	14
191057	10	8
191062	1	8
191226	1	14
191226	38	8
193999	1	14
194027	1	14
194052	1	14
195303	1	20
195304	1	20
195378	1	30
195378	3	20
195378	1301	14
195379	1	14
195399	1	14
195522	1	20
195523	1	20
195524	1	20
195527	1	20
195528	1	20
195529	1	20
195530	1	20
195540	1	20
195551	1	20
195552	1	20
195552	1307	14
195633	1	20
195634	1	20
195656	1	20
195757	1	14
195758	1	14
195773	1	20
195774	1	20
195775	1	20
195841	1	20
195929	1	20
195937	1	14
195963	1	20
196019	1	0
196019	3	20
196023	1	20
196027	1	20
196046	1	20
196047	1	20
196090	1	20
196095	1	1
196096	1	20
196098	1	20
196103	1	20
196122	1	14
196122	4	20
196135	1	20
196200	1	20
196202	1	20
196218	1	20
196239	1	20
196239	835	14
196249	1	20
196250	1	20
196251	1	20
196252	1	20
196334	1	0
196334	3	20
196349	1	20
196350	1	20
196352	1	20
196357	1	20
196359	1	20
196361	1	1
196362	1	20
196363	1	20
196430	1	0
196430	2	20
196431	1	20
196432	1	20
196437	1	20
196452	1	0
196452	2	20
196453	1	20
196453	805	14
196495	1	0
196495	2	20
196501	1	20
196508	1	20
198023	1	14
198040	1	1
198041	1	14
198044	1	14
198045	1	14
198046	1	1
198047	1	14
198048	1	14
198049	1	14
198050	1	14
198063	1	14
198116	1	14
190482	1	1
190538	1	14
190538	3	1
190539	1	1
190710	1	5
190456	1	14
190456	9	1
190459	1	14
190459	5	1
190465	1	1
190645	1	1
190646	1	1
190659	1	5
190659	71	14
190733	1	8
190734	1	1
190735	1	1
190736	1	8
190738	1	8
190782	1	8
190895	1	8
191424	1	1
191693	1	1
191834	1	14
191837	1	14
191839	1	14
191842	1	14
191845	1	14
191849	1	14
191856	1	14
191857	1	14
191858	1	14
191859	1	14
193541	1	14
193556	1	14
193557	1	14
193575	1	14
193835	1	14
193836	1	14
193878	1	14
193919	1	14
193925	1	14
194050	1	14
194050	701	14
194050	1777	14
194075	1	14
194115	1	14
194115	713	14
194117	1	14
194119	1	14
194120	1	14
194120	334	14
194225	1	14
194315	1	14
194317	1	14
194424	1	14
194533	1	14
194619	1	14
194627	1	14
194631	1	14
194643	1	14
194644	1	14
194691	1	14
194699	1	14
194712	1	14
194712	515	14
194735	1	14
194778	1	14
194785	1	14
194786	1	1
194787	1	1
194788	1	14
194789	1	14
194825	1	14
194896	1	14
194912	1	14
195266	1	20
195385	1	14
195387	1	14
195390	1	14
195396	1	20
195397	1	20
195398	1	20
195398	188	14
195398	1313	14
195526	1	20
195645	1	20
195649	1	20
195658	1	20
195658	49	14
195916	1	20
195918	1	20
195923	1	20
195926	1	20
191086	1	8
191201	1	8
191244	1	1
191277	1	14
191691	1	8
191691	67	14
191692	1	14
191692	20	8
191726	1	14
191800	1	14
191808	1	1
275887	1	90
275886	1	90
275886	8	72
275886	22	90
275886	25	72
275886	69	90
275890	1	90
275890	9	72
275890	504	63
198523	1	1
199021	1	20
199021	683	20
199699	1	20
199699	389	20
199833	1	20
199833	411	20
200075	1	0
200075	4	20
200466	1	20
200466	91	20
200466	142	20
200990	1	0
200990	5	20
201199	1	20
201202	1	20
201812	1	20
201813	1	20
201816	1	20
201824	1	20
202013	1	20
202014	1	20
202016	1	20
202016	203	20
202044	1	30
202044	116	20
202045	1	20
202045	340	20
202046	1	20
202047	1	20
202051	1	1
202088	1	20
203777	1	30
203778	1	30
203778	51	20
205666	1	30
205666	99	20
206187	1	30
206187	201	20
206199	1	30
206199	6	20
206484	1	0
206484	4	30
206484	224	20
206745	1	20
206745	349	20
206745	1965	20
207320	1	20
207398	1	20
207454	1	30
207454	138	20
207454	982	20
207468	1	30
207468	77	20
207491	1	20
207779	1	1
207788	1	1
207789	1	1
207790	1	1
207813	1	0
207813	3	1
207897	1	0
207897	2	30
207897	92	20
207905	1	0
207905	3	30
207905	74	20
207905	78	30
207905	136	20
207905	931	20
207920	1	30
207920	125	20
207921	1	20
207922	1	20
207922	15	20
207924	1	20
208299	1	30
208300	1	30
208303	1	1
208304	1	30
208339	1	30
208339	85	20
208351	1	30
208351	135	20
208353	1	20
208357	1	20
208357	90	20
208390	1	0
208390	4	30
208390	157	20
208391	1	20
208391	685	20
208406	1	20
208509	1	30
208509	60	30
276508	1	1
276765	1	1
276769	1	90
276776	1	63
276776	458	45
276794	1	90
276794	8	45
276794	413	24
276767	1	90
276775	1	90
276775	184	72
276775	780	63
277853	1	1
277854	1	120
277856	1	120
278509	1	105
278509	100	119
278509	191	105
278509	529	91
278509	691	73
278509	1044	64
279822	1	1
279823	1	119
279823	26	132
279823	50	119
279823	366	105
279931	1	119
279931	71	64
279931	74	119
279931	262	105
279931	521	91
279931	752	73
279931	1088	64
279931	1946	46
199834	1	20
199834	656	20
201366	1	30
201393	1	30
201418	1	30
201613	1	20
201718	1	30
201718	66	20
203836	1	20
203836	23	0
204484	1	1
204554	1	20
206331	1	30
206331	187	20
276235	1	90
276235	4	72
276237	1	1
276243	1	45
276242	1	90
276242	9	72
276242	465	63
276242	1385	45
276244	1	45
277277	1	120
277278	1	1
277279	1	1
277933	1	1
277932	1	1
277934	1	1
278136	1	1
278193	1	120
278193	3	90
278193	76	105
278193	122	90
278345	1	105
278345	309	91
278345	620	73
278346	1	73
278346	112	64
278349	1	64
278349	318	46
278349	325	64
278349	467	46
278366	1	46
278761	1	119
278761	5	1
278976	1	46
278969	1	119
278969	373	105
278969	644	91
278969	872	73
278969	1198	64
278975	1	64
278975	600	46
201669	1	20
201707	1	20
201707	579	20
201794	1	30
201802	1	0
201802	8	30
201802	172	20
201806	1	1
201809	1	20
201817	1	20
201818	1	20
201819	1	20
201819	231	20
202012	1	30
202012	58	20
202074	1	30
202074	85	20
202075	1	20
202075	616	20
202272	1	30
202272	79	20
202272	637	20
202304	1	20
202304	116	20
203739	1	20
203980	1	20
203985	1	20
206448	1	20
276044	1	1
276074	1	1
276063	1	1
276054	None	1
276071	1	90
276072	1	1
276049	1	90
276062	1	1
276064	1	90
276279	1	90
276282	1	90
276282	376	72
276282	971	63
276271	1	1
276276	1	90
276283	1	63
276283	778	45
276948	1	72
276942	1	90
276942	8	105
276947	1	90
276947	96	72
276950	1	72
276950	42	63
276950	881	45
276945	1	1
276940	1	120
276940	82	105
276940	123	90
276941	1	90
276944	1	105
276946	1	105
276946	9	90
277822	1	120
277826	1	120
277833	1	120
277827	None	1
277824	1	1
277820	1	120
277829	1	1
277832	1	120
277819	1	1
277835	1	120
277823	1	1
277816	1	120
277828	1	1
278765	1	119
278765	9	105
279682	1	132
279682	6	119
279683	1	119
279684	1	119
279685	1	119
279685	7	105
279685	10	119
279685	43	105
199812	1	20
199812	629	20
199832	1	20
200473	1	20
200473	498	20
200491	1	20
200515	1	20
200518	1	1
200532	1	20
201062	1	0
201062	3	20
201535	1	30
201535	12	1
201612	1	1
202087	1	20
202087	501	20
202093	1	20
202116	1	20
202178	1	30
202178	85	20
202178	664	20
203002	1	0
203002	4	30
203002	103	20
203002	766	20
203987	1	20
203987	310	20
204114	1	20
204114	259	20
204577	1	20
204577	633	20
204795	1	0
204795	90	30
205781	1	20
205833	1	0
205833	5	30
205833	168	20
206401	1	30
206401	181	20
206540	1	30
206541	1	30
207221	1	20
207231	1	30
207231	181	20
207231	985	20
207233	1	20
208392	1	20
208394	1	20
208397	1	20
208402	1	20
278474	1	1
278807	1	1
278802	1	119
278804	1	1
278800	1	119
278801	1	119
278805	1	105
278805	88	91
278805	285	73
278806	1	1
278803	1	119
278803	107	105
278808	1	73
278808	343	64
278808	1235	46
278962	1	119
278962	195	105
278963	1	105
278963	108	91
279681	1	119
279681	81	132
201193	1	20
201195	1	1
201196	1	20
206208	1	20
206208	231	20
208296	1	30
275958	1	1
275960	1	90
276434	1	90
276544	1	45
276545	1	45
276542	1	90
276542	321	72
276543	1	72
276543	29	63
276543	936	45
277087	1	120
277087	168	24
277076	1	45
277071	1	63
277069	1	120
277069	85	105
277069	89	120
277069	94	105
277075	1	45
277086	1	120
277070	1	105
277070	11	90
277070	39	105
277070	67	90
277070	323	72
277070	803	63
277072	1	63
277072	306	45
277073	1	120
277073	21	45
277081	1	120
277534	1	1
277536	1	120
277842	1	120
279966	1	119
279966	77	132
279966	275	119
279966	402	105
279975	1	119
279975	76	132
279975	87	145
279975	118	132
279975	279	119
279975	489	105
279975	749	91
279975	952	73
279967	1	1
279994	1	132
280014	1	1
280024	1	32
280006	1	119
280006	19	105
280015	1	119
280015	7	105
280015	82	91
280015	287	73
279990	1	119
280002	1	119
280007	1	119
280007	14	105
280020	1	32
279993	1	119
279993	89	132
280018	1	64
280018	160	46
280018	596	32
279991	1	119
280013	1	119
280021	1	1
280023	1	1
280016	1	119
280016	6	64
280019	1	1
280022	1	1
279995	1	1
280001	1	1
280017	1	64
198270	1	20
198272	1	20
200190	1	20
200243	1	20
201390	1	30
201419	1	30
201420	1	30
201729	1	20
201804	1	20
202086	1	1
202880	1	0
202972	1	30
202972	9	20
202972	530	20
204101	1	20
204506	1	30
204506	70	20
204541	1	0
204541	4	30
204541	83	20
204544	1	20
204576	1	30
204576	87	20
204601	1	20
204601	488	20
204798	1	1
204799	1	1
204800	1	30
204809	1	30
204812	1	30
205086	1	0
205086	4	30
205086	57	20
205604	1	1
205605	1	20
205690	1	20
206477	1	30
206477	6	20
206572	1	30
206572	39	20
206572	40	30
206574	1	20
206595	1	20
206598	1	20
206867	1	20
207299	1	20
207487	1	30
207487	26	0
207487	35	30
207487	144	20
207490	1	20
207490	38	20
207492	1	20
207517	1	20
207518	1	20
207898	1	20
208297	1	30
208298	1	1
208393	1	20
278419	1	105
278418	1	105
278417	1	1
278923	1	119
278923	348	105
278904	1	1
278922	1	119
278941	1	119
279085	1	119
279854	1	1
279861	1	1
279864	1	73
279845	1	119
279846	1	119
279846	11	105
279852	1	73
279857	1	1
279862	1	73
198268	1	20
201228	1	30
201278	1	30
201278	126	20
201278	790	20
201278	2193	30
201383	1	30
201384	1	30
201391	1	30
201602	1	30
201602	90	20
201657	1	30
202050	1	1
202054	1	20
202060	1	30
202060	79	20
202060	715	20
202090	1	1
202873	1	0
203709	1	20
204250	1	30
204250	104	20
204550	1	1
204551	1	20
204552	1	20
204563	1	0
204563	3	30
204563	94	20
204565	1	20
204567	1	20
205526	1	20
205595	1	30
205598	1	30
205600	1	30
205600	42	20
205617	1	20
205617	169	20
205620	1	20
205774	1	30
205774	10	20
205937	1	0
206098	1	30
206542	1	30
206542	12	20
206542	17	30
206542	40	20
207372	1	20
207469	1	30
207887	1	30
207887	9	20
208427	1	30
208427	89	20
279024	1	119
279024	86	64
279029	1	64
279028	1	64
279767	1	46
279760	1	119
279760	77	132
279760	213	119
279760	373	105
279760	609	91
279766	1	91
279766	60	73
279766	429	64
279766	1395	46
279849	1	105
279849	109	91
279844	1	119
279844	83	132
279844	207	119
279855	1	1
279858	1	1
279856	1	1
279860	1	1
279865	1	119
279865	27	64
279850	1	1
279850	17	1
279851	1	73
279859	1	1
279848	1	119
279848	22	105
279853	1	73
199876	1	20
199876	344	20
200244	1	20
200244	612	20
200245	1	20
200253	1	20
200368	1	20
200369	1	20
200369	13	20
200381	1	0
200381	3	20
200519	1	20
200519	528	20
200602	1	20
200961	1	20
205215	1	1
206513	1	20
206906	1	20
276384	1	45
276357	1	90
276357	36	72
276361	1	72
276361	464	63
276349	1	1
276363	1	63
276363	503	45
276347	1	1
276352	1	90
276355	1	90
276362	1	1
276360	1	1
276350	1	1
276351	1	1
277216	1	120
277219	1	105
277217	1	120
277218	1	120
277218	10	105
277220	1	105
277220	29	90
278050	1	120
278062	1	120
278690	1	119
278986	1	119
279356	1	119
279405	1	64
279403	1	119
279841	1	119
279841	75	105
279841	748	91
279841	957	73
279841	1204	64
279840	1	119
282536	1	145
282515	1	1
282521	1	145
282498	1	145
282508	1	145
282523	1	145
282708	1	132
282712	1	132
282712	44	132
282707	1	132
282709	1	1
282710	1	1
282711	1	1
282905	1	1
282906	1	132
284014	1	73
284006	1	132
284006	105	73
284006	162	64
284006	190	73
284025	1	145
284025	155	132
284041	1	64
284036	1	105
284036	140	91
284037	1	91
284037	7	73
284037	258	64
284038	1	64
284042	1	64
284044	1	64
284035	1	132
284035	74	119
284035	278	105
284039	1	64
284029	1	132
284029	39	132
284040	1	64
282310	1	145
282304	1	1
282377	1	145
282377	20	132
282399	1	1
282403	1	145
282412	1	119
282408	1	145
282467	1	145
282842	1	132
282842	14	145
282842	40	132
283049	1	132
283049	81	145
283049	88	132
283059	1	119
283059	69	105
283059	296	91
283050	1	145
283050	38	132
283050	134	132
283067	1	91
283067	9	73
283067	47	64
283067	60	64
283067	80	64
283067	102	64
283067	145	64
283067	152	64
283052	1	132
283052	104	119
283305	1	132
283307	1	119
283307	158	105
283307	297	91
283306	1	132
283306	133	132
283306	278	119
283308	1	91
283308	93	73
283308	360	64
283478	1	132
283478	229	132
283478	324	145
283478	328	132
283478	428	119
283478	589	105
283478	836	91
283548	1	132
283548	149	73
283548	159	91
283934	1	132
283934	33	132
283934	271	119
283934	410	105
283934	698	91
283934	842	73
283934	1075	64
283933	1	132
283933	100	145
283933	119	132
283964	1	132
283964	3	64
283946	1	145
283946	133	132
283946	263	132
283946	425	119
283946	583	105
283946	826	91
283946	1012	73
283946	1225	64
282923	1	73
282923	219	64
282924	1	64
282920	1	1
282921	1	105
282921	84	91
282917	1	132
282917	117	132
282918	1	132
282918	14	119
282919	1	119
282919	101	105
282919	106	119
282919	140	105
282922	1	91
282922	123	73
283041	1	132
283041	134	132
283042	1	1
283042	4	1
283042	8	1
283040	1	132
283040	50	119
283040	53	132
283043	1	132
283043	57	119
283043	193	105
283043	434	91
283039	1	132
283163	1	1
283340	1	145
283820	1	132
283820	51	73
283820	1531	64
283818	1	132
283835	1	46
283830	1	64
283830	414	46
283834	1	46
283877	1	105
283877	64	91
283877	249	73
283877	503	64
283877	1346	46
283878	1	46
283876	1	132
283876	205	132
283876	402	119
283876	554	105
283142	1	132
283108	1	132
283151	1	132
283136	1	132
283122	1	132
283358	1	105
283358	57	91
283358	213	73
283358	515	64
283353	1	132
283353	3	145
283353	167	132
283353	309	132
283353	461	119
283353	656	105
283359	1	64
283359	372	46
283884	1	132
283884	428	132
283884	618	119
283885	1	119
283885	24	105
283885	249	91
283885	444	73
283885	740	64
283885	1482	46
283920	1	1
284043	1	64
284068	1	132
284068	31	6
284068	38	2
284068	53	145
284066	1	1
282374	1	145
282374	36	132
282577	1	145
282567	1	145
282544	1	145
282585	1	145
282586	1	145
283270	1	132
283270	76	145
283270	154	132
283270	304	132
283270	498	119
283270	663	105
283270	912	91
283270	1096	73
283270	1381	64
283270	1906	46
283283	1	46
283283	1315	32
283451	1	1
283453	1	132
283453	154	132
283453	163	132
283453	302	132
283453	491	119
282189	1	1
282196	1	145
282193	1	145
282205	1	1
282218	1	145
282659	1	1
282661	1	145
282663	1	145
282663	223	5
282663	233	3
282663	1100	132
282660	1	1
282662	1	145
282662	37	119
282731	1	132
282731	118	132
282735	1	91
282735	70	73
282735	308	64
282735	1133	46
282730	1	132
282730	90	145
282730	126	132
282732	1	132
282734	1	105
282734	207	91
282733	1	132
282733	29	119
282733	172	105
282814	1	91
282814	153	73
282814	405	64
282814	1116	46
282796	1	132
282799	1	1
282800	1	132
282800	80	132
282800	143	119
282800	235	105
282800	242	119
282800	256	105
282800	312	119
282807	1	119
282807	35	105
282807	243	91
283469	1	132
282599	1	145
282603	1	145
282601	1	145
282601	9	91
283034	1	132
283034	9	145
283034	16	145
283034	18	132
283034	22	132
283034	24	119
283034	28	105
283034	31	91
283034	35	73
283034	40	64
283034	44	64
283034	47	64
283034	55	64
283034	62	64
283034	67	64
283034	74	46
283034	77	32
283413	1	1
283407	1	132
283407	88	145
283408	1	145
283408	90	132
283408	239	132
283408	440	119
283408	609	105
283408	883	91
283408	1073	64
283408	1085	73
283408	1295	64
283408	2122	46
283415	1	1
283416	1	46
283414	1	1
283623	1	132
283642	1	132
283644	1	132
283618	1	132
283630	1	132
283617	1	1
283634	1	1
283636	1	132
283639	1	1
283640	1	132
283646	1	132
283648	1	132
283628	1	1
283633	1	132
283635	1	1
283643	1	1
283645	1	1
283620	1	132
283676	1	132
283685	1	73
283685	7	64
283685	49	32
283685	57	18
283685	74	3
283685	76	6
283685	95	2
283685	98	3
283685	100	5
283685	102	6
283685	157	5
283685	166	6
283685	213	5
283685	256	73
283685	294	64
283680	1	132
283680	22	119
283672	1	132
283675	1	132
283681	1	119
283681	10	105
283682	1	105
283682	175	91
283682	346	73
283861	1	1
283865	1	132
283865	143	132
283865	324	119
283865	484	105
283865	722	91
283865	932	73
283865	1166	64
283858	1	132
283859	1	1
283860	1	132
283863	1	132
274978	1	63
297039	1	0
297039	6	50
297039	27	0
297046	1	0
297046	40	50
297050	1	0
297050	12	50
297047	1	0
297047	4	50
297047	14	0
297049	1	0
297048	1	0
297031	1	0
297031	6	200
297054	1	1
297055	1	0
297056	1	0
297056	4	50
297057	1	50
297067	1	0
297067	8	50
297063	1	1
297068	1	50
297062	1	0
297062	4	1
297065	1	50
297101	1	50
297100	1	50
297100	164	200
297100	182	200
297100	195	200
297100	207	200
297100	217	50
297098	1	0
297099	1	0
297099	3	50
297111	1	0
297112	1	1
297110	1	0
297109	1	0
297114	1	50
297107	1	50
297107	13	30
297107	19	15
297107	22	200
297107	26	140
297107	31	50
297107	36	30
297107	41	15
297107	46	0
297113	1	50
297116	1	1
297115	1	1
297150	1	0
297150	7	15
297150	23	30
297150	26	50
297150	30	50
297149	1	0
297149	16	1
297161	1	0
297160	1	0
297168	1	0
297168	36	50
297169	1	50
297170	1	1
297172	1	1
297162	1	0
297162	6	50
297174	1	1
297180	1	50
297163	1	0
297176	1	0
297176	11	50
297177	1	50
297181	1	50
297175	1	50
297182	1	50
297171	1	50
297173	1	1
297178	1	50
297179	1	50
297225	1	50
297199	1	0
297199	18	140
297215	1	140
297224	1	0
297224	10	50
297228	1	1
297229	1	50
297200	1	0
297209	1	0
297211	1	0
297211	11	200
297211	48	140
297211	63	140
297227	1	0
297227	9	50
297218	1	140
297218	9	50
297219	1	50
297219	28	50
297260	1	0
297264	1	0
297268	1	0
297268	27	200
297268	31	140
297268	34	140
297268	37	50
297268	40	50
297268	43	50
297268	46	50
297289	1	0
297288	1	0
297292	1	50
297292	326	50
297308	1	50
297286	1	50
297286	13	0
297290	1	0
297296	1	50
297296	208	50
297284	1	0
297281	1	0
297281	35	50
297281	43	140
297281	59	0
297282	1	0
297283	1	0
297291	1	0
297293	1	50
297285	1	0
297287	1	0
297316	1	50
299370	1	115
299370	8	0
299370	47	115
299370	56	99
299370	163	82
299369	1	115
299368	1	0
299368	35	115
300394	1	115
300395	1	115
300396	1	115
300397	1	115
300391	1	115
300389	1	82
300400	1	115
300400	93	99
300400	405	82
300401	1	0
300401	19	82
300401	396	62
300392	1	115
300393	1	115
300390	1	0
300390	2	115
300398	1	115
300399	1	115
301161	1	0
301161	36	62
301161	410	41
301165	1	41
302503	1	0
302503	8	21
305040	1	0
305040	44	165
305040	76	148
305040	89	165
305036	1	0
305024	1	1
305046	1	41
305046	5	62
305046	267	41
305034	1	0
305043	1	165
305033	1	0
305027	1	1
305044	1	0
305044	3	165
305044	56	148
305045	1	148
305045	2	132
305045	67	115
305045	143	99
305045	286	82
305045	376	62
305045	789	41
305035	1	0
305179	1	165
305182	1	1
305183	1	165
305184	1	1
305186	1	165
305186	100	148
305186	232	132
305186	373	115
305186	407	99
305141	1	1
297428	1	1
297433	1	50
297427	1	1
297429	1	50
297429	49	50
297432	1	50
297431	1	50
297430	1	50
297425	1	140
297434	1	50
297434	134	50
297435	1	50
297424	1	0
297424	13	140
297426	1	140
297426	7	50
297469	1	140
297467	1	0
297467	4	140
297467	54	140
297468	1	140
297486	1	50
297486	306	50
297488	1	50
297488	158	50
297487	1	50
297484	1	50
297485	1	50
297485	201	50
297483	1	0
297483	32	140
297483	172	50
297563	1	50
297563	63	50
297560	1	50
297562	1	50
297562	70	0
297562	77	0
297562	87	0
297562	96	0
297562	107	0
297562	120	50
297557	1	0
297557	7	140
297557	29	0
297557	42	0
297557	50	0
297557	58	0
297557	67	140
297557	301	50
297559	1	50
297558	1	0
297558	9	50
297558	258	50
297658	1	0
297659	1	0
297659	11	50
297663	1	0
297666	1	50
297656	1	0
297656	21	50
297656	36	140
297656	51	140
297662	1	0
297653	1	0
297657	1	0
297657	4	0
297661	1	0
297664	1	0
297664	20	50
297660	1	0
297660	2	50
297660	28	0
297665	1	50
299061	1	0
299061	22	50
299061	35	140
299061	37	50
299061	249	50
299064	1	0
299064	7	50
299065	1	50
299067	1	50
299067	31	50
299062	1	50
300063	1	1
300061	1	1
300064	1	0
300064	9	165
300064	12	148
300064	16	132
300064	19	115
300064	22	99
300064	26	82
300064	28	62
300064	32	41
300064	36	21
301147	1	0
302239	1	0
302239	11	82
302238	1	1
302240	1	82
302240	8	62
302240	609	41
302240	624	62
302240	625	41
302240	633	62
302240	673	41
302237	1	1
303998	1	0
303998	49	132
303998	79	148
303998	131	132
303998	206	115
304000	1	82
303999	1	115
303999	17	99
303999	298	82
304448	1	1
304448	6	1
304453	1	1
304435	1	1
304447	1	165
304447	230	148
304447	289	132
304447	420	115
304447	483	99
304447	615	82
304447	1145	62
304447	1370	41
304449	1	1
304446	1	0
304446	34	165
304451	1	41
297462	1	0
297462	6	140
297462	15	50
297462	22	50
297606	1	50
297603	1	50
297603	110	50
297605	1	50
297605	190	50
297605	224	0
297605	233	0
297605	242	0
297605	250	0
297605	257	50
297598	1	0
297598	18	140
297604	1	50
297597	1	0
297599	1	140
297599	91	50
300952	1	1
301046	1	0
301046	162	21
301087	1	1
301088	1	21
301086	1	0
301086	33	21
301249	1	0
301330	1	0
301330	21	82
301919	1	0
303595	1	0
303595	16	21
303601	1	0
303601	10	21
303600	1	1
303832	1	0
303832	9	165
303832	63	99
303832	144	82
303832	1079	62
303832	1594	41
304062	1	0
304062	53	21
304062	56	62
304062	58	99
304062	61	21
304062	63	115
304062	64	132
304062	127	115
304062	145	99
304062	377	82
304062	1181	62
304062	1914	41
304119	1	0
304119	7	148
304119	56	132
304119	62	148
304125	1	99
304125	261	82
304125	893	62
304125	1603	41
304120	1	148
304120	40	132
304120	95	115
304120	111	132
304120	169	115
304120	235	99
304452	1	0
304776	1	0
304776	16	165
304776	20	0
304776	48	165
297351	1	0
297480	1	0
297480	19	140
297494	1	0
297494	17	0
297496	1	0
297502	1	0
297504	1	50
297505	1	50
297505	311	50
297498	1	0
297499	1	0
297500	1	0
297503	1	0
297503	5	50
297503	324	50
297501	1	0
297495	1	0
297497	1	0
299711	1	1
301891	1	0
301897	1	0
302486	1	1
302492	1	0
302492	10	62
302494	1	62
302494	183	41
302487	1	1
302488	1	1
302489	1	1
302484	1	99
302484	32	82
302485	1	82
302485	579	62
302493	None	1
302490	1	1
302491	1	1
302567	1	0
302567	5	82
302566	1	82
302569	None	1
302564	1	1
302563	1	0
302563	40	99
302563	45	82
302565	1	1
302572	1	0
302572	6	82
302570	1	0
302570	2	82
302571	1	0
302571	2	82
302573	1	82
302573	78	62
302573	980	82
302573	1030	41
303825	1	62
303825	77	41
303824	1	0
303824	30	21
303824	51	99
303824	53	82
303824	313	62
303824	403	62
304778	1	0
304778	4	115
304778	47	115
304778	122	99
304778	257	82
304778	854	62
304775	1	0
304777	1	165
304777	101	165
304777	226	165
304777	263	148
304777	266	165
304777	357	148
304789	1	0
297341	1	0
297341	17	200
297341	26	140
297341	36	140
297341	46	50
297341	56	50
299381	1	132
299380	1	0
299380	34	115
299380	132	132
299380	137	115
299380	143	132
299380	151	132
299440	1	0
300101	1	0
300101	14	165
300101	16	148
300101	18	132
300105	1	115
300107	1	115
300104	1	0
300104	25	115
300106	1	115
301179	1	0
301179	34	82
301180	1	82
301180	29	62
301183	1	0
301183	3	62
301457	1	0
301461	1	0
301461	28	82
301461	424	62
302479	1	0
302479	30	82
302479	36	99
302479	82	82
297406	1	0
297406	8	140
297411	1	0
297411	25	50
297411	35	50
297411	449	50
297620	1	0
297620	24	140
297620	26	140
297620	37	140
297618	1	0
297618	10	200
297618	13	140
297618	15	140
297618	23	140
297618	29	140
297618	35	50
297618	40	50
297618	49	50
299731	1	1
301398	1	41
301391	1	0
301391	37	82
301395	1	1
301392	1	82
301392	288	62
301394	1	62
301397	1	62
301397	267	41
301399	1	41
301393	1	0
301393	2	62
301396	1	62
301579	1	0
301579	23	62
301579	24	82
301579	25	99
301579	26	115
301579	27	132
301579	28	21
301579	29	41
301579	30	62
301579	32	82
301579	33	99
301579	34	115
301579	35	132
301579	36	148
301579	37	165
302029	1	82
302026	1	0
302026	15	82
302034	1	41
302036	1	0
302036	10	41
302043	1	41
302043	201	21
302044	1	1
302038	1	41
302031	1	82
302031	100	62
302032	1	1
302033	1	62
302033	2	41
302040	1	41
302037	1	0
302037	3	41
302023	1	0
302027	1	1
302030	1	1
302041	1	41
302042	1	41
297675	1	140
297675	57	50
297675	410	50
297671	1	140
297674	1	0
297674	3	140
297673	1	0
297678	1	50
297678	4	0
297672	1	140
297672	2	0
297669	1	0
297670	1	0
297670	5	0
297670	14	0
297670	21	140
297712	1	0
297714	1	0
297713	1	0
297715	1	1
297711	1	0
300281	1	1
300283	1	82
300280	1	0
300280	24	115
300280	578	99
300282	1	99
300282	180	82
300284	1	82
300284	679	62
300539	1	115
300545	1	0
300545	4	115
300552	1	99
300538	1	115
300560	1	82
300560	253	62
300560	954	41
300561	1	41
300548	1	0
300548	2	99
300551	1	0
300551	2	99
300558	1	0
300558	8	99
300558	104	82
301550	1	165
301550	21	148
301550	26	132
301544	1	0
301544	3	165
302124	1	1
302132	1	41
302131	1	0
302131	29	62
302131	340	41
302388	1	0
302388	21	82
302388	577	62
297355	1	0
297359	1	0
297359	34	140
297359	51	140
297474	1	0
297474	17	140
297552	1	0
297552	46	50
297537	1	0
297537	4	140
297537	23	0
297537	27	200
297537	31	140
297537	34	140
297537	37	50
297537	40	50
297537	45	50
297537	48	50
297537	51	50
297537	54	0
297537	60	0
297537	63	0
297537	67	0
297537	70	0
297722	1	0
297722	35	140
297723	1	140
297723	14	0
297723	28	0
297723	34	0
297723	42	0
297723	51	50
300167	1	0
301080	1	0
303573	1	21
303575	1	21
303574	1	21
303569	1	0
303569	2	21
303572	1	0
303572	28	21
303523	None	1
303576	1	0
303576	104	21
304013	1	1
304197	1	165
304198	1	0
304198	3	148
304196	1	0
304196	38	148
304196	82	165
304199	1	0
304199	10	132
304200	1	132
304200	39	115
304200	194	99
299414	1	0
299414	4	115
299414	12	115
299414	40	99
299414	46	99
299414	98	115
299419	1	1
304784	1	0
304841	None	1
298678	1	0
298678	4	50
298671	1	0
298674	1	0
298679	1	50
298681	1	0
298681	6	50
301383	1	0
301383	28	82
301384	1	82
304711	1	0
304711	4	165
304711	7	148
304711	8	132
304711	9	115
304711	10	99
304711	11	82
304711	12	62
304711	13	41
304711	14	21
304711	17	148
304711	18	132
304711	19	115
304711	20	99
304711	22	82
304711	23	62
304711	24	41
304711	25	21
315633	1	132
315633	5	132
315645	1	132
315646	1	132
315647	1	132
315641	1	1
315642	1	132
315644	1	132
315640	1	132
301112	1	0
301120	1	1
301141	1	0
301141	12	41
301141	21	62
301142	1	62
301142	30	41
302978	1	0
304350	1	0
304350	15	132
304350	16	21
304350	18	21
304354	1	0
304354	80	165
304738	1	165
304738	365	148
304738	489	132
304738	563	115
304738	631	99
304738	769	82
304738	1332	62
304738	1579	41
304740	1	41
304722	1	0
304722	4	165
304722	7	148
304722	9	132
304722	11	115
304722	12	99
304722	13	82
304722	14	62
304722	15	41
304722	16	21
304722	17	165
304722	18	148
304722	19	132
304722	20	115
304722	21	99
304722	22	82
304722	23	62
304722	24	41
304722	25	21
304737	1	0
304737	69	165
304737	76	148
304737	90	165
304739	1	0
304739	3	41
315648	1	132
316069	1	1
316082	1	128
316456	1	1
316455	1	128
316455	68	128
316457	1	128
316457	12	128
316457	19	128
316457	130	128
316457	143	128
316457	154	128
316457	161	128
316457	416	128
316457	771	128
316457	1355	128
300927	1	0
300933	1	0
301951	1	0
315543	1	132
316664	1	128
316667	1	128
316665	1	128
316666	1	128
316666	3	128
316666	182	128
316666	559	128
316666	906	128
319524	1	128
319524	264	128
319524	703	128
319524	1248	128
319528	1	0
319528	6	128
319528	111	128
319525	1	128
319527	1	0
319521	1	128
319521	10	128
319521	15	128
319521	19	128
319526	1	128
319526	184	128
319526	193	128
319526	195	128
319526	275	128
319506	1	0
319506	11	128
319506	19	128
319523	1	0
319523	9	128
319523	12	128
319523	16	128
319523	21	128
319523	26	128
319523	30	128
319523	34	128
319523	37	128
319523	42	128
319523	44	128
319523	46	128
319523	48	128
319756	1	0
319756	5	128
319756	176	128
319756	412	128
319756	702	128
319756	1056	128
319756	1672	128
319928	1	1
319991	1	128
319991	332	128
319991	544	128
319991	828	128
319992	1	128
319992	249	128
319993	1	128
319993	574	128
320434	1	128
320757	1	128
320757	132	128
320855	1	128
320855	129	128
320855	448	128
320853	1	128
320853	186	128
320859	1	128
320854	1	128
320854	25	128
299614	1	0
299614	45	82
299614	72	62
299617	1	21
299616	1	0
299616	8	41
299616	84	21
304822	1	0
304826	1	1
304821	1	0
316505	1	128
316505	284	128
316505	567	128
316505	846	128
316505	1247	128
316701	1	128
316701	103	128
316701	389	128
316700	1	128
316700	299	128
316702	1	128
316702	236	128
318182	1	1
320858	1	128
320856	1	128
320857	1	128
320857	217	128
321055	1	128
321055	350	128
299183	None	1
299180	1	0
299180	5	50
299178	1	0
299178	36	140
299178	52	140
299185	1	50
299184	1	50
299184	201	50
301057	1	0
304796	1	0
304796	5	165
304797	1	0
304797	4	165
304797	11	0
304797	22	165
304797	426	148
304797	554	132
304797	581	115
304797	672	99
304797	772	82
304797	1459	62
304797	2087	41
304797	2864	21
304795	None	1
315555	1	132
315555	5	132
315557	1	132
315556	1	132
315554	1	132
315554	5	132
317696	1	128
317696	251	128
317696	543	128
319697	1	128
319697	28	128
319698	1	128
319907	1	128
319913	1	128
319913	3	128
319908	1	128
319909	1	1
319914	1	128
319914	4	128
319915	1	128
319897	1	128
319910	1	128
319910	106	128
319910	248	128
319910	358	128
319910	642	128
319912	1	128
319912	2	128
320712	1	128
320712	82	128
320934	1	128
320934	169	128
320934	530	128
320936	1	128
320941	1	128
320941	4	128
320933	1	128
320933	52	128
300517	1	82
300517	309	62
300515	1	115
300515	416	99
300515	738	82
300516	1	82
300514	1	0
300514	27	115
300514	34	132
300514	62	148
300514	100	132
300514	116	115
302634	1	0
302634	37	82
302635	1	82
302635	124	62
302635	916	41
305180	1	1
305188	1	99
305188	17	82
305188	34	62
305188	469	41
305188	481	21
305178	1	0
305178	50	165
305181	1	1
305185	1	1
305187	1	99
305427	1	0
305427	11	132
305440	1	0
305440	18	132
305441	1	132
305821	1	132
305821	35	0
305821	42	132
305821	49	0
305821	57	132
305821	567	123
305821	720	114
305818	1	132
317510	1	128
317509	1	128
317509	197	128
317511	1	128
317511	33	128
317511	304	128
317508	1	1
317505	1	128
317505	11	0
317505	16	128
317505	22	128
317505	30	128
317505	40	128
317505	45	128
317505	49	128
317505	57	128
317512	1	128
317512	15	128
317512	284	128
319816	1	0
319815	1	0
321051	1	128
321051	209	128
321051	454	128
321051	716	128
321051	1049	128
321067	1	128
321067	42	128
321067	401	128
321067	530	128
321069	1	128
321068	1	128
321068	179	128
321068	647	128
321323	1	128
301960	1	41
301959	1	0
301959	25	82
301959	433	62
301959	1061	41
304170	1	21
304169	1	0
304169	38	148
304169	79	115
304169	88	132
304169	167	115
304169	199	99
304169	458	82
304169	1109	62
304169	1312	41
304169	1438	21
304655	1	99
304655	91	82
304655	686	62
304654	1	0
304654	41	165
304654	351	148
304654	538	132
304654	595	115
304654	668	99
317264	1	1
317239	1	1
317787	1	1
317789	1	128
319450	1	128
319450	100	128
319450	593	128
319452	1	1
319449	1	128
319449	176	128
319453	1	1
319456	1	128
319456	184	128
319459	1	128
319447	None	1
299958	1	0
299958	8	21
301427	1	0
301524	1	62
301525	1	62
301528	1	62
301526	1	1
301529	1	62
301532	1	41
301531	1	62
301531	6	41
301519	1	0
301519	34	82
301519	187	62
301530	1	62
301521	1	1
301986	1	62
301986	343	41
301983	1	1
301984	1	0
301984	12	82
301985	1	82
301985	51	62
301987	1	41
301987	1057	21
302015	1	1
302626	1	0
302620	1	0
302620	67	165
302620	74	148
302620	80	132
302620	84	115
302624	1	0
302662	1	1
302663	1	82
302663	208	62
302663	432	41
302660	1	0
302660	25	115
302660	26	148
302660	28	82
302661	1	82
304366	1	0
304366	4	165
304366	26	0
304366	32	165
304366	339	148
304366	354	165
304366	380	148
304366	507	132
304366	570	115
304366	639	99
304366	755	82
304366	1388	62
304364	1	0
306126	1	44
306126	38	22
306126	48	44
306126	96	22
306126	171	22
306126	199	22
306126	247	22
306122	1	132
306125	1	132
306125	343	123
306125	435	114
306125	573	105
306125	672	101
306125	899	88
306125	1379	66
306125	2004	44
306115	1	132
306116	1	132
306119	1	132
306121	1	132
298652	1	0
298653	1	0
298653	19	0
317392	1	128
317392	204	128
317392	513	128
317392	715	128
317392	1048	128
317392	1479	128
317391	1	128
317927	1	128
320497	1	128
320497	6	128
320500	1	128
320500	65	128
320823	1	128
320823	71	128
320822	1	128
320822	35	128
320822	285	128
320824	1	128
320824	151	128
320824	951	128
320821	1	128
320821	68	128
299420	1	0
299420	2	115
299420	11	115
300079	1	0
300079	26	21
300078	1	1
300364	1	0
300364	27	99
300364	30	115
300373	1	115
300367	1	115
300368	1	115
300371	1	115
300360	1	1
300369	1	115
300374	1	115
300361	1	1
300372	1	1
300375	1	115
300375	22	99
300366	1	115
300370	1	115
300365	1	115
303948	1	0
303948	50	115
303948	55	132
303948	150	115
303948	158	148
303948	162	115
303948	336	99
303948	641	82
303948	1347	62
303989	1	62
306153	1	132
306153	6	0
306153	77	132
306171	1	132
306171	10	22
306154	1	132
306154	405	123
306154	594	114
306154	706	105
306154	842	101
306154	1034	88
306169	1	44
306169	371	22
306170	1	22
306155	1	88
306155	303	66
306155	945	44
315420	1	88
299390	1	1
299394	1	0
299394	5	132
299396	1	115
299391	None	1
299393	1	1
299395	1	132
299395	29	115
299392	1	1
301313	1	0
301323	1	0
301323	35	62
301323	39	82
301323	509	62
301450	1	41
301448	1	62
301447	1	0
301447	33	82
301447	220	62
301449	1	62
301449	78	41
302153	1	0
303838	1	0
303838	51	115
303838	243	99
303838	523	82
303838	1248	62
303838	1857	41
305113	1	0
305113	9	82
305114	1	82
305114	32	62
305112	1	0
305112	66	165
305112	147	148
305112	720	132
305112	813	115
305112	891	99
305112	957	82
306036	1	132
306036	6	0
306036	58	132
306051	1	88
306051	137	66
306038	1	132
306038	7	132
306038	13	132
306038	74	132
306039	1	1
306048	1	101
306041	1	132
306041	299	123
306037	1	132
306037	3	132
306040	1	1
306042	1	123
306042	70	114
306042	196	105
306042	317	101
306049	1	101
306049	7	88
315339	1	66
317315	1	128
317320	1	128
317320	106	128
317320	348	128
317320	626	128
317320	856	128
317320	1363	128
317319	1	128
317434	1	128
317435	1	128
317435	4	128
317435	214	128
317435	484	128
317435	832	128
317435	1375	128
317438	1	128
299649	1	0
299649	9	99
299649	36	115
299649	64	132
299649	87	115
299649	96	99
299649	103	148
299649	263	115
299650	None	1
300812	1	99
300816	1	0
300816	6	99
300817	1	99
300817	114	82
300806	1	0
300806	36	132
300806	69	148
300806	201	132
300811	1	0
300811	6	132
300811	124	115
301914	1	62
301912	1	0
301912	43	62
301909	1	0
301913	1	62
302995	1	0
315713	1	132
317089	1	128
317089	240	128
317089	693	128
317087	1	128
317087	267	128
317087	510	128
317087	836	128
317088	1	128
317212	1	128
317213	1	128
317213	11	128
317213	283	128
317580	1	128
318432	1	1
319077	1	128
298906	1	0
298906	36	200
298906	49	140
298906	60	140
298906	70	140
298906	80	140
298906	90	50
298906	100	50
298906	110	50
298906	120	50
298906	130	50
298906	140	0
300488	1	0
302277	1	0
302277	5	62
302278	1	41
302279	1	41
302279	28	21
302280	1	21
302533	1	0
302827	1	1
302804	1	1
302806	1	0
302828	1	1
302820	1	0
302821	1	0
302839	1	1
302829	1	0
305314	1	82
305314	76	62
305314	367	41
305310	1	0
305310	59	165
305310	65	148
305312	1	148
305312	99	132
305312	164	115
305311	1	148
305313	1	115
305313	89	99
305313	258	82
306135	1	132
306135	520	123
306135	524	132
306135	603	123
306135	705	114
306135	819	105
306135	994	101
306134	1	132
306134	9	0
306134	51	132
306137	1	1
306137	3	1
306139	1	44
306139	20	44
306139	42	44
306139	524	22
306139	528	44
306139	550	22
306139	1087	22
306139	1094	44
306138	1	132
306138	6	88
306138	387	66
306138	1018	44
315840	1	132
318856	1	1
299042	1	0
299042	13	50
299038	1	0
305902	1	132
305902	42	0
305902	51	132
306416	1	0
306432	1	88
306432	174	22
306432	337	88
306417	1	132
306418	1	132
306414	1	1
306414	4	1
306425	1	0
306425	10	0
306425	20	0
306425	115	88
306425	116	0
306419	1	132
306422	1	132
306422	4	123
306415	1	1
306420	1	132
306421	1	1
306423	1	123
306423	111	105
306423	237	101
316095	1	128
317279	1	128
317279	35	128
317683	1	128
317683	269	128
319840	1	128
319841	1	128
299913	1	1
300675	1	115
300673	1	0
300673	46	115
300674	1	115
300676	1	115
302225	1	0
302225	54	62
302225	562	41
302513	1	0
302513	28	99
304149	1	0
304149	3	165
304149	9	148
304149	14	132
304149	20	115
304149	25	99
304149	30	82
304149	35	62
304149	41	41
304149	46	21
304149	51	148
304149	56	132
304149	62	115
304149	67	99
304149	72	82
304149	77	62
304149	83	41
304149	87	21
304254	1	0
304257	1	0
304257	16	148
315390	1	66
315398	1	1
315406	1	44
315403	1	66
315404	1	66
315404	7	44
315376	1	1
315382	1	1
315385	1	1
315402	1	44
315400	1	1
315405	1	66
315405	6	44
316112	1	1
316109	1	128
316111	1	128
316113	1	128
316114	1	128
316114	10	128
316114	726	128
316110	1	128
316412	1	1
316413	1	128
316413	10	0
316413	15	128
316413	18	128
316413	20	128
316413	22	128
316413	28	128
316413	33	128
316413	40	128
316413	47	128
316413	54	128
316414	1	128
317591	1	128
317591	298	128
319852	1	1
319847	1	128
319851	1	128
319854	1	128
319854	167	128
319848	1	128
319849	1	128
319849	140	128
319849	381	128
319853	1	128
319853	110	128
316994	1	128
316993	1	128
316993	121	128
316995	1	128
316995	86	128
316995	401	128
318885	1	128
319687	1	0
319687	7	128
323639	1	128
323639	11	128
324818	1	128
302392	1	0
302392	34	82
302393	1	82
302393	483	62
302393	586	62
302393	591	62
302393	601	62
321305	1	128
321305	338	128
321305	612	128
321305	876	128
321305	882	128
321305	904	128
321305	1214	128
321305	1711	128
321305	2446	128
321311	1	128
321313	1	128
321313	4	128
321309	1	1
321309	4	1
321310	1	128
321312	1	128
321312	4	128
325100	1	128
325100	184	128
325111	1	128
325101	1	128
325101	245	128
325113	1	128
325114	1	1
325117	1	0
325117	3	128
325097	1	0
325097	32	128
325097	40	128
325098	1	128
325099	1	128
325099	106	128
325099	328	128
325110	1	128
325110	3	128
325492	1	0
315784	1	132
315789	1	1
315790	1	132
315785	1	132
315787	1	132
315788	1	1
315786	1	132
324785	1	128
324785	123	128
324785	157	128
324785	195	128
324785	335	128
324785	550	128
324791	1	128
324791	179	128
324791	618	128
324021	1	128
324021	279	128
324021	456	128
324021	675	128
324022	1	128
324022	176	128
324022	550	128
324729	1	128
317170	1	128
323755	1	128
323755	247	128
323755	380	128
323755	659	128
322247	1	1
322252	1	128
322252	180	128
322252	425	128
322252	684	128
322252	996	128
322252	1403	128
323716	1	128
324896	1	0
324897	1	0
324897	13	128
324897	135	128
324543	1	1
317864	1	128
301439	1	0
301694	1	0
301694	27	115
301694	64	132
324564	1	128
324564	4	128
316260	1	128
316262	1	128
317884	1	128
317875	1	128
317880	1	128
317908	1	128
317907	1	128
317913	1	128
317891	1	128
318874	1	128
318872	1	128
318872	31	128
318872	266	128
318876	1	128
318877	1	128
318877	49	128
302597	1	62
302597	586	41
302596	1	0
302596	31	21
302596	39	82
302596	648	62
320980	1	128
317182	1	128
317182	237	128
317182	516	128
317182	807	128
317182	1180	128
324980	1	0
324980	25	128
324980	205	128
324980	371	128
324980	617	128
324980	908	128
324980	1371	128
324980	2129	128
321138	1	128
321138	105	128
321138	647	128
321140	1	128
321134	1	128
321134	35	128
304209	1	0
304209	39	148
304209	178	132
304209	190	148
304209	219	132
304209	280	115
304209	433	99
304207	None	1
321383	1	128
321383	7	128
321397	1	128
321397	13	128
321386	1	128
321386	14	128
321393	1	128
321396	1	128
321396	61	128
321396	292	128
321396	567	128
321396	892	128
321396	1296	128
321388	1	128
321388	6	128
322599	1	128
322599	232	128
322602	1	128
322603	1	128
322605	1	128
322605	65	128
322617	1	128
322617	3	128
322617	175	128
322617	510	128
322617	563	128
322616	1	128
305247	1	0
305247	38	165
305247	58	148
305248	1	148
305248	294	132
305248	373	115
305248	507	99
305248	668	82
305250	1	82
305249	1	82
305252	1	82
305252	204	62
321833	1	128
321833	3	128
321832	1	128
321832	188	128
321834	1	128
321834	298	128
321831	1	128
321831	172	128
321831	412	128
321831	582	128
316470	1	128
316470	255	128
316469	1	128
316469	400	128
316469	600	128
316472	1	128
316472	89	128
320383	1	128
300975	1	1
300974	1	1
300973	1	0
302646	1	0
302646	28	82
302649	1	1
302650	1	1
302651	1	82
302654	1	82
316187	1	128
316187	228	128
316187	523	128
316187	793	128
316187	1127	128
316187	1534	128
316186	1	128
316186	4	128
316186	62	128
316241	1	128
316238	1	1
316239	1	128
316239	199	128
316239	563	128
316240	1	128
316240	19	128
316240	38	128
316240	155	128
316240	473	128
316240	1155	128
319809	1	0
319809	6	1
319811	1	0
319811	2	128
323727	1	128
323727	22	128
323727	222	128
323727	544	128
323727	907	128
323725	1	128
323725	169	128
323726	1	128
323726	44	128
315951	1	1
315944	1	128
315944	12	128
315944	17	128
315944	20	128
315944	24	128
315944	29	0
315944	34	128
315944	38	128
315944	42	128
315944	46	128
315944	50	128
315953	1	128
315953	8	128
315953	11	0
315953	15	128
315953	19	128
315953	23	128
315949	1	1
315945	1	1
315941	1	128
315947	1	1
323825	1	1
315363	1	88
315363	130	0
315362	1	1
315365	1	66
315365	16	88
315361	1	88
315366	1	66
315366	3	88
322022	1	128
322022	192	128
322022	370	128
322022	700	128
322022	1012	128
322022	1353	128
300958	1	0
302695	1	0
302694	1	0
320077	1	128
322348	1	128
322348	189	128
322348	451	128
322348	699	128
322348	1011	128
322348	1304	128
322431	1	128
322431	122	128
322431	516	128
322430	1	128
322430	178	128
322430	353	128
322430	614	128
322672	1	1
302448	1	0
302448	21	82
302448	620	62
302448	1501	41
303885	1	0
303885	59	115
303885	87	132
303885	173	115
303885	415	99
303885	585	82
303885	1399	62
303885	2015	41
305358	1	0
305358	90	165
305359	1	1
321262	1	128
321260	1	1
321261	1	128
323652	None	1
323653	1	128
323650	1	1
317313	1	128
317314	1	1
320688	1	128
320688	73	128
320688	261	128
320688	561	128
300235	1	115
300234	1	115
300236	1	0
300236	11	115
300239	1	62
300237	1	115
300237	5	99
300237	286	82
300238	1	0
300238	30	82
300238	253	62
300241	1	41
300233	1	0
300233	43	115
300240	1	62
300240	329	41
321909	1	128
321909	182	128
321909	482	128
321909	797	128
321909	1549	128
321908	1	128
321908	182	128
321908	282	128
321908	292	128
321908	388	128
323495	1	128
323493	1	128
323491	1	1
323488	1	128
323488	150	128
323488	445	128
323488	787	128
323487	1	128
323487	98	128
323487	144	128
323487	165	128
323487	382	128
323492	1	128
324314	1	1
324318	1	128
324318	182	128
324313	1	1
324315	1	128
324315	64	128
324317	1	1
315447	1	132
316638	1	128
323523	1	128
323525	1	128
323525	276	128
323525	681	128
323526	1	128
323526	317	128
323524	1	128
323524	22	128
323524	216	128
323524	513	128
323775	1	128
323775	152	128
323778	1	128
323778	198	128
323778	469	128
323778	761	128
300117	1	0
300117	30	115
319639	1	0
319639	9	128
319639	162	128
319639	1061	128
303808	1	0
303808	7	132
303813	1	1
303813	7	1
325422	1	0
325421	1	0
315703	1	132
315702	1	132
315704	1	132
315705	1	132
319678	1	0
319678	17	128
319678	181	128
321432	1	128
321433	1	128
321433	54	128
321436	1	128
321436	92	128
321436	498	128
321431	1	128
321434	1	128
321434	155	128
321434	424	128
317661	1	128
317661	254	128
317661	503	128
317661	797	128
317661	1113	128
317663	1	128
317663	5	128
317663	210	128
317663	242	128
317663	340	128
323954	1	128
323940	1	128
323940	292	128
323940	497	128
323940	749	128
323940	957	128
323940	1335	128
299149	1	0
299149	18	50
299149	33	140
299149	215	50
301414	1	0
301417	1	0
301417	50	82
318828	1	128
318828	62	128
318827	1	128
321402	1	128
323292	1	128
323292	104	128
323857	1	128
323857	46	128
323841	1	128
323841	110	128
323841	332	128
322040	1	128
322633	1	128
322633	167	128
322625	1	128
322625	178	128
322625	398	128
322625	663	128
322625	975	128
299005	1	0
322397	1	1
305965	1	1
305967	1	132
305966	1	1
305963	1	0
305963	9	132
305963	14	132
305964	1	1
298991	1	0
300575	1	115
300574	1	0
300574	15	99
300574	20	115
300576	1	0
300576	7	115
300576	152	99
300576	517	82
300576	865	62
300576	873	82
302926	1	0
304292	1	148
304292	50	165
304292	69	148
304292	78	165
304292	138	148
304292	185	132
304292	249	115
304292	360	99
304292	505	82
304292	1083	62
304292	1735	41
304292	1780	0
304292	1781	41
304291	1	0
304291	12	148
304291	13	0
304291	37	148
320543	1	128
320548	1	128
325511	1	0
325517	1	0
325520	1	0
325520	61	128
305237	1	148
305237	595	132
305237	672	115
305237	796	99
305237	843	82
305234	1	0
305234	50	165
305234	63	148
305235	1	1
305236	1	148
324432	1	128
316717	1	128
316717	119	128
316719	1	128
316723	1	128
316718	1	128
316718	265	128
316720	1	128
316720	106	128
316721	1	128
316722	1	128
316722	378	128
316716	1	128
316716	23	128
316715	1	128
320395	1	128
320393	1	128
320393	18	128
320393	24	128
320393	33	128
320393	43	128
320393	50	128
320393	56	128
320393	62	128
320393	66	128
320393	72	128
320393	77	128
320393	81	128
320393	87	128
320393	91	128
320396	1	128
302525	1	82
302525	621	62
302523	1	82
302526	1	62
302524	1	1
302522	1	0
302522	24	82
315229	1	1
315252	1	66
315252	6	44
315255	1	44
315259	1	44
315258	None	1
315240	1	1
315257	1	44
315346	1	66
315350	1	66
315351	1	1
315345	1	66
315343	1	66
315349	1	66
320416	1	128
320413	1	128
321165	1	1
321166	1	128
321164	1	128
321162	1	128
321167	1	128
321167	145	128
321167	381	128
321167	660	128
302474	1	62
302473	1	82
302473	2	62
302476	1	62
302476	78	41
302472	1	0
302472	20	82
302475	1	1
322057	1	128
302509	1	0
302509	34	99
302975	1	0
321710	1	128
321712	1	128
321712	15	128
321712	201	128
321709	1	128
321933	1	128
321933	150	128
319984	1	1
325605	1	0
325591	None	1
301554	1	1
301554	3	1
301554	12	1
301557	1	0
301567	1	0
301567	12	82
301567	20	82
301567	267	62
321636	1	128
321586	1	128
321586	9	0
321586	12	128
321586	14	128
321586	16	128
321586	20	128
321586	24	128
321586	28	128
321586	31	128
321586	37	128
321586	40	128
321586	44	128
321586	47	128
321586	50	128
321586	52	128
321586	57	128
321528	1	128
321607	1	128
321536	1	1
321650	1	0
321650	9	128
321650	13	128
321650	15	128
321650	17	128
321650	19	128
321650	22	128
321650	24	128
321650	27	128
321650	29	128
321650	31	128
321650	33	128
321650	35	128
321650	39	128
321650	41	128
321650	44	0
321640	1	128
321640	13	0
321640	15	128
321640	17	128
321640	18	128
321640	20	128
321640	23	128
321640	24	128
303816	1	0
303816	7	41
303816	17	0
303817	1	0
303817	60	41
303817	72	21
304326	1	0
304332	None	1
304333	1	0
304333	4	165
304333	71	0
304333	74	165
304333	82	148
304333	120	165
304333	448	132
304333	503	115
304333	579	99
304333	739	82
304333	1366	62
299338	1	0
320178	1	128
320177	1	128
320189	1	128
320185	1	128
320190	1	128
320192	1	128
320191	1	128
320186	1	128
304562	1	0
304562	4	165
304562	57	0
304562	60	165
304562	268	148
304562	416	132
304562	473	115
304562	520	99
304562	579	82
304562	626	62
304562	684	41
304562	821	21
319579	1	128
319579	277	128
319579	758	128
319579	1173	128
319579	1401	128
319579	1979	128
319579	1987	128
319579	2273	128
319579	2278	128
319579	2511	128
319579	2516	128
321221	1	128
321218	1	128
321218	298	128
321218	553	128
321218	823	128
321219	1	128
321219	168	128
321219	604	128
304144	1	0
304144	63	148
304144	70	165
304144	138	148
304144	411	132
304144	488	115
304144	535	99
304144	916	82
304144	1574	62
304144	2222	41
324087	1	128
324087	4	128
324101	1	128
324089	1	128
324089	16	128
324164	1	1
324161	1	128
324161	3	128
324131	1	128
324162	1	128
324163	1	128
324163	13	128
324163	17	128
324163	19	128
324163	22	128
324163	26	128
324163	29	128
324163	31	128
324163	33	128
324163	35	128
324163	38	128
324163	41	128
324163	43	128
324163	45	0
324163	47	128
324167	1	128
315764	1	132
315963	1	1
315974	1	128
315974	21	128
315965	1	1
315973	1	132
315962	1	1
315964	1	1
315966	1	128
315966	9	128
315966	15	128
315966	21	128
315966	27	128
315966	34	128
315966	40	128
315966	46	128
315966	50	128
315966	56	0
315966	62	128
315966	66	128
322049	1	128
322049	9	128
322049	12	128
322049	15	128
322049	18	128
322049	21	128
322049	23	128
299595	1	82
299592	1	0
299592	31	115
299598	1	0
299598	4	82
299598	8	0
299594	1	82
299593	1	115
299593	216	115
299593	361	99
299593	713	82
299597	1	0
299597	3	82
299804	1	0
299780	1	0
299829	1	1
299774	1	0
299813	1	0
299825	1	0
299831	1	1
299786	1	0
299833	1	0
299799	1	0
299809	1	0
299815	1	0
299806	1	0
299775	1	0
299807	1	1
299808	1	0
299819	1	0
299819	5	165
300124	1	0
300124	17	62
300124	202	41
300123	1	62
300122	1	0
300122	46	132
300122	50	115
300122	482	99
300122	817	82
300122	1210	62
320920	1	128
320916	1	128
320917	1	128
320917	99	128
320917	326	128
320917	605	128
320917	952	128
320917	1469	128
299662	1	0
299664	1	0
299663	1	0
324077	1	128
324077	281	128
324077	537	128
324077	755	128
324078	1	128
324078	4	128
324078	217	128
301809	1	0
299443	1	0
299443	51	115
315587	1	1
302543	1	0
321178	1	0
321178	5	128
321178	46	128
321177	1	128
321177	356	128
321177	480	0
305376	1	0
305376	65	165
305377	1	165
305377	217	148
305377	398	165
305377	438	148
305377	591	132
305377	663	115
305377	705	99
305377	780	82
305377	1374	62
305862	1	0
305862	79	132
305862	637	123
316477	1	1
316478	1	128
316478	12	0
316478	17	128
316478	20	128
316478	23	128
316478	25	128
316478	29	128
316478	31	128
316478	32	128
316478	36	128
316478	43	128
320258	1	128
300459	1	0
300459	29	99
300459	34	115
300467	1	41
300467	10	62
300467	519	41
300424	1	0
300466	1	82
300466	501	62
300466	627	41
300438	1	1
300462	1	115
300462	12	99
300463	1	99
300464	1	99
300464	87	82
300461	1	115
305840	1	114
305840	135	105
305840	257	101
305840	448	88
305840	965	66
305832	1	132
305832	5	0
305832	86	132
305833	1	132
305841	1	1
305842	1	66
305842	431	44
305839	1	132
305839	187	123
315510	1	132
315509	1	132
315499	1	132
315499	24	44
315512	1	132
315506	1	132
316928	1	128
316928	3	128
316928	58	128
319800	1	0
319800	9	128
319941	1	128
319941	63	128
319941	272	128
319942	1	128
319942	47	128
305617	1	1
305636	1	132
305636	22	0
305636	60	132
305636	167	132
305636	199	132
305636	528	123
305636	673	114
305636	813	105
305636	905	101
305636	1107	88
305636	1605	66
305636	2209	44
325167	1	1
325168	1	128
325159	1	0
325159	2	128
325159	70	128
325159	236	128
325169	1	128
325170	1	128
325170	197	128
325170	222	128
325170	333	128
325170	703	128
325172	1	0
325172	4	128
325172	353	128
325175	1	0
325175	6	128
298855	1	140
298853	1	0
298853	19	140
298853	437	140
298853	444	140
298853	445	140
298854	1	140
298854	5	140
298854	18	140
320065	1	128
320065	191	128
320065	536	128
320059	1	128
320060	1	128
320060	14	128
320064	1	128
320064	110	128
320062	1	128
320058	1	128
320063	1	128
320061	1	128
325022	1	0
325022	17	128
325022	38	128
325022	64	128
325022	378	128
325022	387	128
325022	1317	128
325022	1485	128
304956	1	0
304956	4	165
304956	5	148
304956	6	132
304956	7	115
304956	8	99
304956	9	82
304956	10	62
304956	11	41
304956	12	21
304956	13	165
304956	14	148
304956	15	132
304956	16	115
304956	18	99
304956	19	82
304956	20	62
304956	22	41
304956	23	21
305203	1	148
305203	34	132
305204	1	132
305204	146	99
305204	320	82
305204	861	62
305202	1	0
305202	65	165
305202	550	148
315321	None	1
315300	1	66
315322	1	66
315320	1	66
302349	1	62
302349	3	41
302337	1	0
302337	24	82
302337	117	62
302343	1	62
302350	1	41
302342	1	0
302342	19	62
302344	1	0
302344	3	62
317416	1	128
317420	1	128
317415	1	1
321294	1	128
321294	15	128
321296	1	128
321295	1	128
321295	141	128
321295	432	128
321295	608	128
321283	1	128
321679	1	128
305350	1	99
305351	1	99
305351	148	82
305351	559	62
305338	1	165
305349	1	115
305336	1	0
305336	36	165
305341	1	165
305341	265	148
305341	381	132
305341	468	115
306240	1	132
325862	1	0
325861	1	0
316219	1	128
316216	1	128
316216	234	128
316217	1	128
316217	189	128
316218	1	128
316218	190	128
316218	547	128
316218	929	128
316218	935	128
316218	962	128
317639	1	1
317640	1	128
317640	279	128
317640	424	128
317640	718	128
317641	1	128
317641	246	128
317641	607	128
317641	686	128
317641	756	128
318651	1	1
316615	1	128
316615	268	128
316613	1	128
316614	1	1
320673	1	128
320674	1	128
320674	14	128
325465	1	0
325464	1	0
299316	1	0
299316	14	50
299316	47	50
299318	1	50
299324	1	0
299324	11	50
299326	1	50
299322	1	1
299329	1	50
299325	1	50
299327	1	50
299327	30	50
299317	1	50
299321	1	1
306011	1	1
306017	1	1
306012	1	132
306012	10	0
306012	13	0
306012	16	0
306012	18	0
306012	21	0
306012	23	0
306012	26	0
306015	1	1
325065	1	128
325065	2	128
320285	1	128
320275	1	1
320276	1	1
320283	1	128
320277	1	128
322381	1	128
322381	142	128
322381	342	128
322381	570	128
305586	1	132
305586	4	0
305586	33	132
305586	45	132
305586	55	132
305586	548	123
305589	1	132
305589	2	114
305589	40	105
305589	221	101
305589	362	88
305590	1	88
305590	177	66
305590	714	44
305588	1	132
305588	56	114
305814	1	132
305814	5	0
305814	84	132
305814	560	123
305814	651	114
305814	780	105
305814	879	101
305814	1030	88
305814	1160	66
305814	1164	88
305814	1416	66
300156	1	82
300155	1	0
300155	29	115
300155	423	99
300155	750	82
300157	1	0
300157	9	82
300157	180	62
300157	948	41
301665	1	62
301664	1	0
301664	27	62
301664	49	82
301664	203	62
316291	1	128
321078	1	128
321122	1	128
321122	212	128
321123	1	1
321126	1	128
321126	14	128
321126	110	128
321119	1	128
321121	1	128
321124	1	128
321124	116	128
321124	397	128
299094	1	0
299096	1	0
299096	2	50
305208	1	82
305207	1	0
305207	43	165
305207	667	148
305207	786	132
305207	859	115
305207	944	99
305207	1059	82
321475	1	128
321475	197	128
321475	479	128
321475	741	128
321475	1052	128
321475	1525	128
321475	1916	128
321475	1922	128
300631	1	0
300631	41	115
300633	1	115
300633	292	99
300634	1	1
300584	1	1
300635	1	99
300635	165	82
300636	1	82
300636	835	62
300636	1493	41
300632	1	115
305511	1	0
299764	1	0
316568	1	1
316569	1	128
316569	196	128
316569	370	128
316569	636	128
316569	709	128
316569	790	128
316569	1155	128
316569	1651	128
316201	1	128
316201	145	128
316200	1	128
316202	1	128
316202	126	128
316199	1	128
316199	429	128
316199	702	128
316199	989	128
320569	1	128
320569	5	128
320566	1	1
320570	1	128
320571	1	128
300777	1	0
300777	19	132
300777	21	115
300777	388	99
300780	1	0
300780	3	99
300780	243	82
300785	1	82
300785	579	62
300785	1262	41
300781	1	82
301281	1	0
301281	36	62
301283	1	0
301283	3	62
301283	524	41
301283	859	21
301283	862	41
301298	1	0
301298	45	82
301298	547	62
301293	1	0
321683	1	128
321685	1	1
321887	1	128
321887	171	128
321887	395	128
321887	646	128
321887	951	128
297780	None	1
303676	1	0
318013	1	128
318017	1	128
301998	1	62
301998	639	41
301997	1	0
301997	33	82
301997	285	62
300293	1	0
300308	1	0
300312	1	0
300309	1	1
300313	1	0
300310	1	0
300314	1	0
305282	1	0
305282	73	165
305282	87	148
319656	1	0
319656	55	128
319656	136	128
319657	1	128
319657	68	128
319658	1	0
319658	4	128
319658	93	128
319659	1	128
322355	1	128
322355	124	128
322356	1	128
322356	187	128
322356	458	128
322356	777	128
304661	1	0
304661	43	165
304662	1	165
304662	109	148
304663	1	148
304663	127	132
304663	207	115
304663	278	99
304663	405	82
305081	1	0
305081	52	165
305081	69	148
305081	756	132
305081	828	115
305081	900	99
305081	1096	82
324245	1	128
324245	95	128
324245	264	128
324245	507	128
324245	828	128
324245	1264	128
325430	1	0
304506	1	165
304507	1	165
304507	50	148
304507	76	132
304507	172	115
304508	1	99
304508	130	82
304508	710	62
304508	1259	41
304505	1	0
304505	47	165
316142	1	128
316144	1	128
316876	1	128
316876	295	128
316876	461	128
316876	479	128
316876	607	128
316878	1	1
316877	1	128
316877	210	128
316879	1	128
316879	140	128
316911	1	128
321461	1	128
321457	1	128
321457	357	128
321457	593	128
321457	852	128
321457	1201	128
321457	1627	128
318819	1	128
318816	1	128
318816	29	128
318816	56	128
318820	1	128
320996	1	128
320994	1	1
320994	3	1
320995	1	128
320995	4	128
321880	1	128
321879	1	128
321879	60	128
321879	103	128
321879	113	128
321879	325	128
321870	1	128
320336	1	128
320338	1	128
320337	None	1
320344	1	128
320347	1	128
320340	1	128
320342	1	128
300328	1	0
322113	1	128
322118	1	128
322118	116	128
322118	318	128
322118	544	128
322118	827	128
305063	1	165
305063	30	148
305061	1	1
305064	1	148
305064	97	132
305064	173	115
305064	243	99
305064	460	82
305064	982	62
305064	1587	41
305060	1	1
305062	1	1
305059	1	0
305059	62	165
305059	529	148
305059	535	165
315488	1	132
315488	8	114
315489	1	114
315490	1	114
317861	1	128
301359	1	0
301359	32	82
301904	1	0
301969	1	0
301969	24	21
301969	28	82
301970	1	0
301970	6	82
323318	1	128
324201	1	128
324201	92	128
324201	304	128
324201	555	128
324201	833	128
324201	1214	128
324205	1	128
324200	1	1
324206	1	128
324206	37	128
324207	1	128
324202	1	128
324202	3	128
324209	1	128
322079	1	128
322079	331	128
322088	1	128
322088	70	128
322088	320	128
318562	1	1
318563	1	128
324408	1	128
324570	1	128
324570	18	128
324571	1	128
324571	4	128
302228	1	0
302228	58	41
302228	72	82
302228	80	62
302228	83	82
302228	115	62
302229	1	62
322339	1	128
322339	7	0
322339	10	128
322339	14	128
322339	18	128
322339	22	128
322339	26	128
322339	30	128
322339	34	128
322339	38	128
322339	42	128
322339	46	128
322339	51	128
322339	54	128
322339	58	128
322165	1	1
322167	1	1
322179	1	128
322179	233	128
322179	475	128
322179	872	128
322179	1055	128
322179	1448	128
320094	1	128
320090	1	128
300273	1	0
300273	24	115
317744	1	128
321233	1	128
321233	162	128
321233	404	128
321233	669	128
321231	1	128
321232	1	128
321230	1	128
323328	1	128
323326	1	128
323327	1	128
315266	1	1
315268	1	1
315270	1	66
315264	1	66
315265	1	66
315267	1	66
315273	1	66
321973	1	128
321973	201	128
321973	420	128
321973	693	128
321973	997	128
321975	1	128
321975	81	128
321975	321	128
321975	336	128
315775	1	132
323794	1	128
323790	1	128
323790	137	128
323790	246	128
323790	267	128
323790	345	128
323790	644	128
323790	857	128
318733	1	128
318733	3	128
323471	1	128
323471	116	128
323475	1	128
323472	1	128
323472	2	128
323472	41	128
323470	1	128
323470	46	128
323470	76	128
323470	202	128
323474	1	128
323474	325	128
323473	1	128
323473	204	128
301476	1	62
301476	239	41
301476	787	21
301480	1	0
301480	8	21
301472	1	0
301472	34	82
301472	489	62
301475	1	62
301473	1	1
301474	1	1
302328	1	0
302328	41	62
302328	514	41
323418	1	128
323416	1	128
323416	19	128
323423	1	128
323422	None	1
323414	1	128
323414	17	128
323419	1	128
323421	1	128
323417	1	128
323413	1	128
323413	19	128
323413	20	128
323420	1	128
323415	1	128
298850	1	0
298850	28	0
305721	1	132
305721	7	132
305721	11	132
323641	1	128
300226	1	0
300226	38	115
300226	64	132
300226	154	115
304625	1	0
304625	49	165
304625	56	0
304625	65	165
304625	382	148
304626	1	148
321732	1	128
321732	107	128
321732	382	128
321732	693	128
321732	1054	128
321729	1	1
321728	1	128
321730	1	128
321730	196	128
321731	1	1
321735	1	128
321735	4	128
322714	1	128
322709	1	128
322715	1	1
322716	1	128
322713	1	128
320369	1	128
322484	1	128
322483	1	1
322485	1	1
322480	1	128
322480	78	128
322480	290	128
322492	1	128
322492	7	128
322492	300	128
322492	701	128
322487	1	128
321759	1	1
321759	5	1
321755	1	128
321755	63	128
321755	438	128
321755	539	128
321760	1	128
321760	3	128
321760	226	128
321758	1	128
321758	90	128
316749	None	1
316740	1	1
316757	1	1
316758	1	128
316758	267	128
316758	516	128
316758	781	128
316758	1089	128
316758	1602	128
316746	1	1
322510	1	128
298831	1	0
298831	24	200
298835	1	0
302551	1	1
302553	1	82
302555	1	82
302554	1	1
302552	1	1
302548	1	0
302548	40	99
302548	54	82
302549	None	1
302550	1	1
321818	1	128
321818	311	128
321820	1	128
321816	None	1
321815	1	128
321817	1	128
321817	199	128
321817	519	128
321819	1	1
321813	1	128
321813	213	128
324661	1	128
324645	1	128
325343	1	0
325343	25	128
325342	1	0
300742	1	0
300742	56	115
322204	1	128
322204	14	128
322204	220	128
322204	473	128
322204	767	128
322204	1120	128
322201	1	128
322222	1	128
305744	1	132
305744	7	0
305947	1	132
305947	10	0
305947	26	0
305947	33	0
305947	38	0
305947	46	0
305947	53	0
317930	1	128
319068	1	1
320328	1	128
321149	1	128
321149	269	128
321149	478	128
321149	741	128
321149	1056	128
321149	1527	128
321917	1	128
321917	179	128
321917	407	128
321917	637	128
321919	1	128
320040	1	128
320040	48	128
320040	401	128
320038	1	128
320038	291	128
320038	495	128
320039	1	128
321796	1	1
321794	1	128
321795	1	1
324293	1	128
324293	161	128
324293	341	128
324293	611	128
324293	889	128
324293	1332	128
324293	2006	128
318070	1	1
321674	1	128
316440	1	1
316441	1	1
316442	1	1
319606	1	0
319606	14	128
319606	18	128
319606	22	128
319606	27	128
319606	30	128
319606	34	128
319606	37	128
319606	41	128
319606	45	128
319606	48	128
319606	50	128
315689	1	132
315687	1	132
315687	7	132
315688	1	1
315690	1	132
316839	1	128
316839	18	128
316839	23	128
316799	1	0
316797	1	128
316798	1	128
316808	1	128
316808	24	128
316808	26	128
319623	1	0
319623	7	128
319625	1	0
319625	7	128
322704	1	1
322705	1	1
322707	1	128
304672	1	82
304671	1	0
304671	41	165
304671	360	148
304671	362	165
304671	434	148
304671	544	132
304671	612	115
304671	679	99
304671	783	82
316061	1	128
316061	112	128
316062	1	128
316059	1	128
316059	54	128
316059	60	128
316060	1	128
316060	219	128
316058	1	128
316058	36	128
320561	1	128
320553	1	1
320555	1	1
320555	3	1
319833	1	128
320654	1	128
301941	1	0
301941	11	132
301941	32	62
319347	1	128
319347	114	128
319347	274	128
319347	487	128
319348	1	128
319349	1	128
319349	21	128
319349	44	128
316271	1	128
323558	1	128
323560	1	128
316944	1	128
316944	6	128
316944	172	128
316944	175	128
316944	214	128
316944	229	128
316944	288	128
316944	544	128
316944	831	128
316944	1205	128
320888	1	128
320887	1	128
320887	283	128
322702	1	128
322701	1	1
305898	1	132
305898	66	0
305898	68	132
305898	647	123
305898	747	114
324970	1	128
324970	181	128
324970	359	128
324970	461	128
324970	745	128
324970	1174	128
324970	1934	128
324967	1	0
324967	6	1
299478	1	115
299479	1	115
299479	100	99
299477	1	0
299477	39	115
299481	1	82
299481	416	62
299481	676	41
299481	691	21
299480	1	99
299480	389	82
318016	1	128
322106	1	128
322106	327	128
322106	497	128
322106	773	128
306096	1	132
306096	22	66
306095	1	88
306095	25	66
306092	1	123
306092	56	114
306092	182	105
306092	275	101
306092	433	88
306093	1	88
306091	1	132
306091	3	0
306091	45	0
306091	422	132
306091	437	132
306091	565	123
306094	1	1
322332	1	128
322332	211	128
322332	419	128
322332	639	128
322332	942	128
322407	1	128
322407	90	128
322407	214	128
315801	1	132
315800	1	132
316590	1	128
316590	262	128
316590	474	128
319337	1	128
319337	47	128
319337	92	128
319337	694	128
298998	1	1
298997	1	50
298997	4	200
298997	38	0
299000	1	0
299000	4	50
298996	1	0
298996	28	50
301094	1	0
302019	1	0
302019	33	82
306455	1	1
306456	1	132
306456	484	114
306456	625	105
306459	1	101
306459	5	88
306459	357	66
306459	952	44
306459	2020	22
306457	1	105
306454	1	132
306458	1	105
306458	12	88
306458	40	101
306460	1	22
317383	1	128
317382	1	128
317554	1	1
317553	1	1
325057	1	0
325057	22	128
325057	181	128
325057	368	128
317463	1	128
320321	1	128
317080	1	128
322068	1	128
322068	270	128
322068	499	128
322068	723	128
316897	1	128
316900	1	128
316985	1	128
316985	263	128
316984	1	1
322322	1	128
322322	194	128
322322	432	128
322322	723	128
322322	1085	128
322322	1121	128
322322	1181	128
322319	1	128
322319	36	128
322319	82	128
322319	146	128
322324	1	128
322317	1	128
322323	1	1
324877	1	0
324857	1	0
324878	1	0
324878	14	128
324878	107	128
324878	190	128
324878	474	128
324878	778	128
324878	1063	128
324863	1	0
304157	1	1
304158	1	0
304158	163	115
304158	226	99
304158	459	82
304158	708	62
304158	930	41
304158	1144	82
304158	1221	62
304158	2012	41
304156	1	1
305364	1	0
305364	45	165
305365	1	165
305365	443	148
305365	444	165
305365	462	148
305365	569	132
305365	651	115
305365	723	99
305366	1	99
305366	73	82
305366	590	62
305366	1058	41
317475	1	128
317475	91	128
317475	113	128
317479	1	128
317488	1	128
317488	228	128
317488	708	128
317478	1	128
317484	1	128
317484	145	128
317484	424	128
317480	1	128
317482	1	128
317481	1	128
323696	1	128
323696	206	128
323700	1	128
323700	262	128
323702	1	128
323702	185	128
323697	1	1
323693	1	128
323693	110	128
323698	1	1
323699	1	128
323699	69	128
323701	1	1
323692	1	1
318944	1	1
318944	3	0
319310	1	128
323344	1	128
323347	1	128
323349	1	128
323345	1	128
323348	1	128
324420	1	128
324420	4	128
324420	268	128
324420	527	128
324998	1	128
324998	133	128
325000	1	128
325000	261	128
325001	1	128
325001	343	128
324999	1	128
324999	6	128
324997	1	0
324997	29	128
324997	116	128
315357	1	66
315357	2	88
318015	1	128
321415	1	128
321415	384	128
321414	1	128
321414	386	128
321414	627	128
321414	875	128
321414	1240	128
322752	1	128
323980	1	128
323980	8	128
323980	194	128
323983	1	128
323983	139	128
323978	1	128
323976	1	128
323975	None	1
323997	1	128
323997	310	128
299450	1	0
299450	38	115
324237	1	128
324237	174	128
306005	1	132
306005	3	0
305406	1	132
305406	29	123
305406	126	114
305406	238	105
305406	370	101
305406	522	88
305406	1020	66
305406	1462	44
305405	1	132
305405	491	123
305405	544	132
305405	549	132
305766	1	0
305766	54	132
305766	629	123
305766	717	114
305766	829	105
305398	1	132
305398	2	0
305388	1	0
305388	15	132
305388	18	132
305388	21	123
305388	22	22
305388	23	123
305388	26	114
305388	32	105
305388	35	101
305388	37	88
305388	39	66
305388	42	44
305388	45	22
305388	49	22
305388	55	123
317626	1	128
317626	314	128
317626	563	128
317626	846	128
317626	1132	128
317626	1650	128
324846	1	128
324846	261	128
324841	1	128
324841	123	128
324841	450	128
324841	897	128
324840	1	128
324840	9	128
324835	1	128
324835	156	128
316151	1	1
316153	1	128
316153	158	128
316153	392	128
316153	407	128
316153	475	128
316153	684	128
316150	1	1
316149	1	1
317292	1	128
317292	25	128
317292	325	128
317292	336	128
317292	337	128
317292	342	128
317296	1	128
317296	6	128
317295	1	128
317295	4	128
317297	1	128
317297	4	128
317297	357	128
317291	1	128
317291	250	128
317291	540	128
325200	1	0
325200	3	128
325203	1	128
325204	1	128
325202	1	0
325202	8	128
325199	1	0
325199	10	128
301674	1	0
302159	1	0
302159	33	62
302262	1	0
302262	13	21
302262	28	62
302262	33	82
302262	271	62
302263	1	62
302263	530	41
305790	1	1
318018	1	128
319486	1	128
319503	1	128
319503	10	128
319503	261	128
321009	1	128
321009	44	128
321004	1	128
321004	66	128
321004	165	128
321010	1	128
321007	1	128
321007	102	128
321007	433	128
321011	1	128
321012	1	128
321005	1	128
321006	1	128
317709	1	128
320023	1	128
320023	162	128
320025	1	128
320026	1	128
320026	157	128
320022	1	128
320024	1	128
320024	93	128
320024	373	128
322012	1	128
322013	1	128
322014	1	128
302165	1	41
302163	1	0
302163	31	62
302163	456	41
302166	1	41
302322	1	0
302322	27	41
302322	31	62
302322	116	41
315721	1	132
323336	1	128
317527	1	128
317527	395	128
317527	609	128
317527	1043	128
317527	1453	128
319856	1	128
317339	1	128
317340	1	128
317340	39	128
317340	277	128
317338	1	128
324764	1	128
324747	1	128
324747	103	128
324747	106	128
324747	205	128
324747	364	128
324747	563	128
324747	858	128
324765	1	128
324765	42	128
324772	1	128
324769	1	128
324769	244	128
301627	1	0
301627	43	82
301627	45	82
301627	62	62
301627	82	82
301627	264	62
316363	1	128
316363	49	128
316361	1	128
316361	53	128
316362	1	128
316362	7	128
316362	238	128
316360	1	128
316360	23	128
316360	26	128
316360	29	128
316360	33	128
316577	1	128
316577	4	0
316577	10	128
316577	13	128
316577	16	128
316577	20	128
316577	23	128
316577	27	128
316577	31	128
316577	35	128
316577	40	128
316577	44	128
317949	1	128
304153	1	1
304190	1	0
304185	1	148
304185	10	165
304185	13	132
304185	18	115
304185	22	99
304185	25	82
304185	27	62
304185	31	41
304185	33	21
304189	1	0
304189	2	148
304189	8	132
304189	14	115
304189	18	99
304189	20	82
304189	22	62
304189	24	41
304204	1	0
304204	47	148
304204	59	115
304204	61	148
304204	79	165
304204	105	148
304204	259	132
304204	262	115
304204	365	99
305809	1	132
301172	1	0
315533	1	132
315533	9	132
321988	1	128
321988	213	128
321988	463	128
321988	704	128
321988	1023	128
321988	1393	128
321990	1	128
315741	1	132
300087	1	0
300087	35	41
300087	49	21
321949	1	128
315770	1	132
321959	1	128
321960	1	128
321961	1	128
321961	185	128
321958	None	1
300501	1	1
300500	1	148
300497	1	0
300497	25	132
300497	50	148
300498	1	148
300499	1	1
304616	1	0
304616	48	165
304616	287	148
304616	461	132
304616	501	115
304616	580	99
304616	720	82
319950	1	128
320399	1	128
320398	1	128
320397	1	1
320400	1	1
320808	1	1
320809	1	128
320809	698	128
320807	1	1
320804	1	128
320804	52	128
320804	249	128
320804	456	128
320804	465	128
320804	512	128
320804	820	128
320804	1239	128
321775	1	128
321776	1	128
321774	1	128
321774	78	128
321781	1	128
321781	662	128
321777	1	128
321777	89	128
321778	1	128
321778	58	128
321780	1	128
321780	177	128
321780	508	128
321773	1	0
321773	3	128
306030	1	132
306029	1	0
306029	3	0
306029	10	0
306029	17	0
306029	24	0
306029	30	0
306029	35	0
306029	41	0
306029	47	0
306029	58	0
306029	62	132
306029	73	132
316766	1	128
316766	363	128
316766	588	128
316766	871	128
316766	1267	128
316766	1897	128
299496	1	0
305516	1	0
305516	27	132
305516	42	132
305516	64	132
305516	232	123
305516	557	132
305516	611	123
305518	1	105
305518	129	101
305518	328	88
305518	837	66
305515	1	1
305517	1	123
305517	37	114
320195	1	128
320840	1	128
320840	76	128
320840	349	128
320841	1	128
320841	194	128
320838	1	128
320838	146	128
320839	1	1
320004	1	1
320009	1	128
320006	1	128
320006	17	128
320006	201	128
320002	1	128
320005	1	1
320010	1	128
320010	4	128
320010	86	128
320008	1	128
320008	4	128
320008	5	128
320011	1	128
320007	1	128
320007	128	128
320012	1	128
320012	13	128
320003	1	1
316379	1	128
316378	1	128
316376	1	1
316380	1	128
316380	57	128
316380	319	128
316380	391	128
316380	607	128
316380	1002	128
316377	1	128
320097	1	128
320128	1	128
317648	1	128
317649	1	128
317649	41	128
317649	239	128
317649	541	128
317650	1	128
317650	197	128
317650	751	128
321665	1	128
321652	1	128
321652	3	0
321652	11	128
321652	12	128
321652	14	128
321652	16	128
321652	18	128
321652	21	128
321652	23	128
321652	25	128
321652	28	128
321652	32	128
321652	34	128
321652	37	128
321652	41	128
321652	44	128
321653	1	128
321653	4	0
321653	11	128
321653	13	128
321653	16	128
321653	18	128
321653	21	128
321653	23	128
321653	25	128
321653	28	128
321653	31	128
321653	33	128
321653	36	128
321653	39	128
321653	43	128
321653	46	128
