254790	1	40
254790	3	1
254833	1	40
254833	126	1
254833	317	1
254879	1	40
254879	33	1
254905	1	40
254905	39	1
254906	1	1
254913	1	40
254914	6	40
256674	1	3
257461	1	15
257461	35	3
257461	38	5
257461	69	3
257804	1	1
257804	6	3
257816	1	3
258159	1	3
258312	1	3
258313	1	3
258319	1	3
259464	1	1
259453	1	1
259456	1	1
259457	1	1
259458	1	1
260627	1	15
260627	4	5
260627	108	7
260627	128	5
260627	213	7
260627	575	5
253946	1	5
253952	1	5
254229	6	40
254380	8	200
254380	9	5
254415	1	800
254416	1	262139
254416	40	20
254608	1	20
254608	515	20
254608	656	20
257612	1	3
257613	1	3
260478	1	10
272612	1	0
272617	1	0
272674	1	0
272674	21	1
272761	1	1
251161	1	0
251167	1	5
251252	1	5
251493	1	0
251493	6	5
251499	1	5
251521	1	5
251548	1	0
251548	28	5
254280	1	1
254283	5	200
254283	9	5
254284	43	5
254437	1	800
254437	4	262139
254437	54	20
254437	65	20
254450	1	20
254458	1	20
256730	1	3
257487	1	15
257487	13	3
257821	1	3
257968	1	15
257968	7	3
257968	11	15
257968	12	3
258129	1	15
258129	17	3
258152	1	15
258155	1	15
258155	14	3
258156	1	3
258157	1	3
258210	1	15
258213	1	15
258213	12	3
258287	1	3
258434	1	3
258432	1	3
258440	1	3
258442	1	3
258443	1	3
258444	1	3
258446	1	3
258448	1	3
258656	1	5
258656	70	3
258690	1	5
259721	1	1
272760	1	0
272760	11	1
272774	1	0
272774	10	1
272771	1	0
272771	4	1
272775	1	1
272775	119	1
272775	125	1
272776	1	1
272776	37	1
272776	48	1
272829	1	1
272828	1	1
272828	50	1
272827	1	0
272827	12	1
256925	1	5
256926	1	5
256926	41	3
260571	1	5
260568	None	1
260572	1	5
260576	1	5
260577	1	5
260570	1	5
260575	1	5
272922	1	0
272922	19	1
272924	1	1
272927	1	1
272927	11	1
272927	64	1
272929	None	1
272930	1	1
272930	17	1
272930	156	0
272930	160	1
272921	1	0
272923	1	1
272925	None	1
272926	1	1
272936	1	1
272935	1	0
272935	5	1
272935	30	0
272935	66	1
273017	1	0
273017	11	1
273063	1	1
273012	1	0
273012	5	0
273013	1	1
273136	1	0
273136	4	1
251163	1	5
251562	1	5
251604	1	0
251604	16	5
251633	5	65537
251635	31	65537
256865	1	3
256866	1	3
256867	1	3
256867	26	1
256867	55	3
256867	56	1
256868	1	1
256868	382	3
256869	1	3
256924	1	15
256924	11	5
257682	1	3
257682	75	1
257751	1	3
258174	1	15
258174	22	3
258174	161	15
258175	1	3
258177	1	3
258211	1	15
258214	1	3
258215	1	3
258282	1	15
272907	1	0
272907	12	1
272908	1	0
272908	5	1
273006	1	0
273006	4	0
273138	1	1
273150	1	0
273150	4	1
273150	40	1
273143	1	1
273145	1	1
273142	None	1
273146	1	1
273158	1	1
273158	17	1
273158	32	1
273276	1	0
253887	43	5
254279	1	40
254279	5	1
254279	9	40
254279	10	1
256842	1	15
256842	6	3
258742	1	5
258749	1	5
258750	1	5
258959	1	15
258959	12	3
272681	1	0
272681	11	1
272682	1	0
272680	1	1
272680	13	1
272728	1	0
272728	58	0
272728	104	1
272729	1	1
272746	1	0
272747	1	0
272748	1	0
272748	9	1
272750	1	1
272762	1	1
272786	1	1
272787	1	1
272782	1	0
272782	48	1
272785	1	1
272784	1	1
272783	1	1
272798	1	1
272798	90	1
272791	1	0
272791	21	1
272809	1	0
272814	1	0
272818	1	1
272807	1	0
272812	1	1
272816	1	1
272811	1	1
272815	1	0
272815	6	1
254282	6	200
254282	9	5
254289	1	5
256935	1	15
256935	2	3
256936	1	3
256941	1	3
257024	1	15
257398	1	3
257399	1	3
257460	1	15
257490	1	3
257529	1	15
257529	4	3
257529	11	15
257529	12	3
257598	1	3
257599	2	3
258335	1	3
258403	1	15
258403	9	3
258403	18	15
258403	19	3
258423	1	3
258425	1	3
258427	1	3
258428	1	3
258703	1	5
258703	262	3
260583	1	15
260583	3	5
254230	1	40
254230	21	1
254232	1	1
256629	1	3
256630	1	3
256672	1	15
256672	7	3
256673	1	3
251522	1	5
251523	1	5
251559	1	0
251559	65	5
251560	1	5
251561	1	5
251612	1	0
251612	11	5
251636	1	65537
251640	1	5
254293	1	5
254294	1	5
254308	1	5
254310	1	5
254362	1	5
257027	1	3
257397	1	3
257400	1	3
257824	1	3
258310	1	15
272023	1	0
251121	1	65537
253947	1	5
253948	1	5
253950	1	5
253954	1	40
253954	6	1
254226	18	1
254290	1	5
254292	1	5
254306	1	200
254306	7	5
254306	10	200
254306	11	5
254307	1	5
257805	1	3
259636	1	15
259636	2	5
259636	6	15
259636	7	5
259636	51	3
259637	1	15
259637	4	3
259686	1	3
259683	1	5
259685	1	5
259685	400	3
259682	1	5
259681	1	15
259681	5	5
260533	1	3
260534	1	3
260538	1	3
260532	1	5
260532	686	3
260510	1	262139
260510	19	15
260528	1	15
260540	1	3
260536	1	3
260507	1	262139
260541	1	3
260527	1	15
260593	1	15
260593	3	5
260593	7	15
260593	8	5
260727	1	15
260722	None	1
260723	None	1
251637	1	65537
251638	1	0
251638	6	5
251638	8	0
251638	9	5
251643	1	5
251721	1	5
251721	3	5
251721	90	5
251721	98	5
251864	1	5
251864	20	5
252126	5	5
252126	6	5
252126	31	23
253886	8	200
253886	11	5
253888	76	5
253890	104	5
253890	161	5
253890	204	5
253890	240	5
253890	253	5
253943	1	200
254368	1	5
254453	1	20
254530	1	800
254530	4	20
254530	6	800
254530	7	20
254532	1	20
254852	1	40
254852	55	1
259626	1	15
259626	98	1
259811	1	3
259820	1	3
259820	16	5
259820	18	3
259820	19	5
259820	87	3
259818	1	3
259821	1	3
259810	1	5
259810	112	3
259810	227	5
259812	1	3
259813	1	3
259809	1	5
259817	1	3
259822	1	3
259822	75	5
259822	232	3
259822	233	5
251164	7	5
251251	1	5
251251	2	5
253944	1	200
253944	10	5
254231	1	1
254607	1	800
254607	6	20
256734	1	3
256843	1	3
257645	1	3
257825	1	3
258125	1	15
258692	1	5
258694	1	5
258705	1	3
258706	1	3
258712	1	3
258713	1	3
258714	1	3
258741	1	5
259884	1	15
259884	11	3
259884	41	5
259884	82	3
259884	115	5
259891	1	3
259890	1	5
259890	23	3
251781	1	5
251781	16	5
252102	1	5
252102	3	23
252116	1	23
252116	34	69
252116	43	262139
252116	91	23
254459	1	20
254512	1	20
256727	1	3
256796	1	15
256798	1	3
257025	1	15
258445	1	3
258655	1	15
258655	6	3
258655	10	5
258702	1	5
251642	1	5
251883	1	5
251883	6	5
251883	70	5
253951	5	5
254227	1	1
254285	65	5
254285	296	5
254316	127	5
254319	53	5
254331	6	200
254332	12	200
254332	14	262139
254332	73	5
254341	1	5
254342	1	5
254349	6	262139
254349	44	5
254367	1	5
254451	1	20
254454	1	20
254455	1	20
254456	1	20
254457	1	20
254511	1	800
254511	7	20
254907	1	1
256677	1	3
256728	1	3
256729	1	3
256733	1	3
257393	1	3
257395	1	3
257396	1	3
257531	1	3
257611	1	3
257614	1	3
257644	1	3
257732	2	1
257748	1	3
257818	1	3
257969	1	3
258126	1	15
258136	1	3
258311	1	3
258745	1	5
260373	1	1
260371	1	15
260366	1	15
251496	1	5
251496	227	5
251496	243	5
251497	1	5
251498	1	5
251500	1	5
257721	1	15
257721	23	1
257722	1	1
257723	1	1
257735	1	15
257735	3	1
257735	4	15
257735	5	1
257750	1	3
257819	1	3
257822	1	3
259857	1	15
259857	3	5
259861	1	5
259862	1	5
259862	271	3
259859	1	5
251162	32	0
251162	46	5
251162	52	5
251168	1	5
251244	1	0
251244	8	5
251491	1	0
251716	1	5
254309	1	5
254313	10	5
254314	42	5
254315	72	5
254317	1	5
254318	24	5
254340	1	200
254340	7	5
254340	13	262139
254340	42	5
256675	1	3
256676	1	3
256725	1	15
256725	3	3
256801	1	3
257026	1	15
257394	1	3
257823	1	3
258158	1	3
258320	1	3
258334	1	15
258426	1	3
260426	1	5
260427	1	5
260427	58	3
260439	1	3
260425	1	5
260424	1	5
260422	1	5
260433	1	3
260431	1	3
260423	1	5
260608	None	1
273408	1	1
273408	4	1
273410	1	1
273402	1	0
273402	10	1
273402	46	1
273402	59	1
273402	79	1
273402	190	1
273402	255	1
273403	1	1
273405	1	1
273407	None	1
273409	1	1
273412	1	1
273406	1	1
273411	1	1
273404	1	1
273554	1	0
273554	63	5
273555	1	5
273730	1	3
273730	287	1
273730	295	3
273730	1491	1
273725	1	0
273725	7	3
273725	109	5
273725	1224	3
273728	1	3
274317	1	10
274315	1	10
274319	1	10
274314	1	10
274316	1	10
274318	1	10
274373	1	10
274421	1	10
274422	1	10
274422	363	7
274422	1159	5
274422	1734	3
274420	1	10
274958	1	3
274959	1	3
274953	1	10
274953	11	3
274954	1	10
274954	31	3
274955	1	3
274957	1	10
274957	4	3
274957	11	0
274957	14	3
275832	1	15
275832	202	12
275846	1	7
275834	1	12
275834	170	10
275835	1	10
275841	1	7
275837	1	7
275828	1	15
275836	1	10
275836	769	7
275829	1	15
275831	1	15
275833	1	12
275838	1	7
275847	1	7
275847	671	5
274249	1	10
274251	1	10
274251	273	7
274250	1	10
274278	1	10
274334	1	0
274334	5	10
274336	1	10
274344	1	0
274344	6	7
274344	35	5
274344	398	3
274335	1	10
274339	1	7
274345	1	3
274337	1	10
274338	1	10
274338	38	7
274382	1	10
274889	1	10
274917	1	10
274909	1	10
274904	1	10
274895	1	10
274888	1	10
274913	1	10
274905	1	10
274894	1	10
274999	1	10
274999	218	7
274998	1	12
274998	61	10
275000	1	7
275001	1	7
275001	1086	5
275021	1	10
275030	1	10
275035	1	10
275034	1	10
275062	1	15
275059	1	10
275059	67	12
275059	89	15
275068	1	10
275068	826	7
275064	1	12
275074	1	7
275067	1	12
275067	288	10
275073	1	10
275073	8	7
275063	1	15
275063	10	12
275066	1	12
275134	1	10
275865	1	15
275865	42	12
273394	None	1
273502	1	0
273502	15	3
273503	1	3
273504	1	0
273523	1	1
273514	1	1
273514	21	1
273526	1	1
273526	8	1
273537	1	1
274102	1	1
274104	1	1
274104	36	1
274103	1	1
274106	1	1
274107	1	1
274108	1	1
274105	1	1
275124	1	10
275124	85	12
275124	309	10
275125	1	10
275125	757	7
275337	1	10
275319	1	10
275319	142	12
275319	280	10
275326	1	10
275338	1	10
275338	256	7
275370	1	10
275370	65	12
275371	1	12
275371	36	10
275752	1	15
275767	1	12
275757	1	15
275763	1	15
275774	1	12
275774	232	10
275765	1	12
275773	1	12
275772	1	12
275777	1	10
275768	1	12
275776	1	10
275778	1	10
275782	1	15
275782	4	7
275759	1	15
275761	1	15
275769	1	12
273424	1	0
273424	6	1
273425	1	0
273425	8	3
273425	54	1
273425	61	3
273426	1	3
273589	1	1
273592	1	1
273590	1	1
274748	1	0
274799	1	0
274733	1	0
274656	None	1
274806	1	10
274806	11	3
274806	14	1
275310	1	7
275310	1932	5
275308	1	10
275309	1	10
275309	380	7
273286	1	0
273295	1	1
273301	1	1
273302	1	1
273290	1	0
273290	4	1
273290	13	1
273291	1	1
273292	1	1
273296	1	1
273296	14	1
273287	1	0
273287	44	1
273294	None	1
273299	1	1
273443	1	0
273443	25	5
273440	1	0
273440	5	0
273447	1	5
273446	1	5
273450	1	3
273433	1	1
273442	1	0
273442	5	0
273445	1	5
273432	None	1
273449	1	0
273449	7	3
273429	1	1
273444	None	1
273448	1	5
273448	379	3
273492	1	0
273492	30	10
273492	41	1
273492	55	3
273493	1	0
273493	4	3
273494	1	3
274083	1	1
274081	1	1
274303	1	10
274877	1	10
274877	5	0
274877	69	1
274945	1	3
274943	1	3
274982	1	10
274985	1	10
274983	1	10
274990	1	10
274990	4	12
274990	15	10
275045	1	10
275046	1	10
275260	1	10
275189	1	10
275234	1	10
275284	1	10
275285	None	1
275283	1	10
275291	1	10
275291	278	7
275282	1	12
275282	141	10
275290	1	10
275292	1	7
275286	1	10
275289	1	10
275293	1	7
275311	1	5
275375	1	10
275375	81	12
275375	250	10
275375	1181	7
275376	1	7
275376	1971	5
275376	3014	3
274094	1	3
274172	1	0
274172	7	10
274172	55	7
274169	1	10
274171	1	0
274170	1	0
274170	7	10
274197	1	0
274197	4	7
274200	1	0
274200	5	7
274200	74	5
274198	1	7
274198	115	10
274199	1	10
274199	14	7
274236	1	0
274236	8	10
274243	1	0
274240	1	10
274239	1	10
274244	1	0
274244	15	5
274244	152	3
274241	1	10
274241	442	7
274241	853	5
274968	1	10
274968	8	15
274968	270	10
274968	277	15
274968	314	10
274971	1	7
274970	1	7
274966	1	10
274966	32	3
274966	61	10
274967	1	10
274969	1	10
274969	115	7
275451	1	10
275420	1	10
275588	1	10
275588	3	7
275601	1	10
275603	1	10
275674	1	12
275764	1	15
275764	19	12
275766	1	12
275781	1	15
275781	4	10
275781	15	7
275783	1	7
275783	1256	5
275758	1	15
275760	1	15
273373	1	0
273373	11	1
273385	1	0
273385	7	0
273383	None	1
273386	1	0
273386	4	0
274080	1	1
274079	1	0
274079	8	1
274125	1	0
274161	1	5
274159	1	5
274157	1	0
274157	20	10
274157	355	0
274157	359	7
274157	484	5
274160	1	5
274282	1	10
274284	1	10
274283	1	10
274285	1	10
274286	1	10
274440	1	10
274441	1	10
274441	333	7
274443	1	7
274442	1	7
274868	1	10
274861	1	10
274880	1	1
275476	1	10
275658	1	12
275658	211	10
275658	232	12
275656	1	10
275656	113	12
275657	1	12
275657	9	15
275657	49	12
275659	1	12
274087	1	1
274088	1	1
274142	1	5
274147	1	5
274146	1	0
274146	4	5
274387	1	10
274388	1	10
274388	756	7
274388	1755	5
274981	1	10
274980	1	10
275344	1	10
275344	77	12
275345	1	10
163481	1	2
163737	1	3
163737	3	2
163758	1	2
163759	1	2
163759	182	2
175832	1	20
175832	35	8
175832	81	2
175860	1	4
178100	1	12
178101	1	12
178365	1	20
178365	209	16
178365	610	12
178367	1	12
194076	1	7
194076	564	7
195947	1	0
195947	3	10
195948	1	10
196351	1	10
196351	37	10
196351	50	10
196364	1	10
196364	815	7
200229	1	10
200229	85	10
202973	1	10
202973	1312	10
205777	1	10
206605	1	10
208352	1	10
208395	1	10
276453	1	15
276453	42	7
276454	1	15
276454	8	7
276457	1	7
276437	1	15
276437	240	12
276437	762	10
276437	1882	7
276458	1	7
276458	233	5
276455	1	7
276456	1	7
278308	1	15
278308	325	12
278308	986	10
278308	1330	8
278310	1	8
278310	674	6
278309	1	8
279716	1	12
279716	30	10
279716	353	8
279716	1271	6
279715	1	18
279715	197	15
279715	531	12
280239	1	18
280235	1	18
280236	1	18
280238	1	18
280241	1	18
280249	1	12
280249	58	10
280249	406	8
280249	1268	6
280233	1	18
280240	1	18
280242	1	18
280242	10	20
280242	86	18
280242	242	15
280242	510	12
280251	1	6
280234	1	18
281565	1	18
281624	1	18
281626	1	18
281632	1	18
281639	1	18
281639	23	15
281639	32	18
281639	111	15
281641	1	18
281641	3	15
281641	24	12
281641	33	10
281641	36	12
281641	139	10
281636	1	18
281636	5	12
281637	1	12
281638	1	12
281638	18	15
281638	21	18
281674	1	20
281674	11	20
281674	15	20
281689	1	20
281671	1	20
281693	1	20
281693	11	18
281693	194	15
281693	420	12
281693	615	10
281693	900	8
281693	1721	6
281685	1	20
281658	1	20
281686	1	20
281663	1	20
281663	116	20
281663	121	20
281662	1	20
281691	1	20
281680	1	20
281680	9	20
281659	1	20
281727	1	8
281727	526	6
281727	1529	4
281726	1	10
281726	42	8
281707	1	20
281707	99	20
281707	102	20
281707	151	20
281707	156	20
281707	193	20
281707	322	18
281707	475	15
281707	684	12
281707	873	10
167784	1	2
170826	1	2
170826	48	2
204100	1	20
204100	144	10
204545	1	10
204545	94	10
205667	1	10
205667	202	10
207328	1	0
207889	1	10
207889	33	10
276586	1	10
276586	24	7
276581	1	15
276581	330	12
276582	1	12
276582	443	10
276583	1	10
276584	1	10
276585	1	10
276587	1	7
276835	1	5
276837	1	5
276831	1	15
276831	125	12
276831	665	10
276831	1485	7
276834	1	7
276834	411	5
276824	1	15
276832	1	15
276832	6	7
276836	1	5
276830	1	15
279080	1	18
279080	80	4
279588	1	18
279588	206	15
279588	208	18
279588	281	15
279588	464	12
279588	706	10
279588	990	8
281588	1	18
281588	17	4
281589	1	18
281731	1	20
281797	1	20
281797	185	20
281797	386	18
281797	564	15
281797	776	12
281797	984	10
281797	1211	8
281797	2169	6
281824	1	20
281885	1	20
281964	1	20
281976	1	18
281976	203	15
281976	311	12
281976	531	10
281976	710	8
281976	1077	6
281976	1111	4
281976	1119	6
281976	1242	8
281976	1362	6
281976	2058	4
281975	1	20
281975	27	20
281975	166	18
281974	1	20
281974	16	18
163270	1	2
178380	1	12
178420	1	20
178420	5	16
178420	47	20
178420	54	16
178479	1	26
178479	3	16
178479	68	20
178479	189	8
178479	637	6
190662	1	7
191202	1	7
193334	1	7
193917	1	7
195014	1	10
195015	1	10
195749	1	7
200091	1	0
200091	2	10
200091	701	10
206207	1	0
206207	3	20
206207	148	10
206550	1	20
206550	76	10
207316	1	10
276326	1	10
276318	1	12
276318	350	10
276317	1	12
276327	1	15
276327	56	10
276315	1	15
276315	126	12
276870	1	20
276870	78	18
276870	137	15
276870	488	12
276870	1040	10
276870	1803	7
276864	1	20
276935	1	20
276935	81	18
276935	265	15
276935	483	12
276935	496	15
276935	604	12
278273	1	18
278273	67	15
278273	84	12
278274	1	12
281010	1	18
281117	1	18
281117	10	1
281393	1	18
281393	8	1
281419	1	18
281419	8	1
281439	1	1
281382	1	18
281382	6	1
281443	1	1
281454	1	18
281454	3	1
281398	1	18
281398	4	1
281403	1	18
281403	11	1
282033	1	25
282033	81	20
282033	111	20
282033	115	18
282034	1	18
282035	1	18
282035	12	15
282035	34	12
282037	1	18
282037	15	15
282037	67	18
282037	203	15
282037	426	12
282037	645	10
282037	865	8
282037	1490	6
282036	1	18
163765	1	2
163793	1	2
194314	1	7
195644	1	10
205627	1	10
205627	123	10
276659	1	15
276659	3	7
276655	1	10
276655	828	7
276653	1	15
276653	74	12
276653	541	10
276886	1	20
276922	1	20
276923	1	20
277096	1	15
277096	8	12
277096	556	10
277096	1319	7
277093	1	20
277093	60	18
277094	1	18
277094	253	15
277112	1	20
277112	38	7
277305	1	20
277305	116	18
277305	319	15
277305	681	12
279298	1	18
279296	1	18
279289	1	18
279297	1	18
280186	1	18
280194	1	18
280194	14	8
280191	1	15
280191	205	12
280191	406	10
280191	728	8
280187	1	18
280187	16	20
280190	1	15
280188	1	20
280188	66	18
280188	219	15
280182	1	18
280181	1	18
280192	1	18
280193	1	8
280185	None	1
280189	1	15
282092	1	25
282092	4	20
282092	96	20
282092	111	20
282092	248	18
282092	429	15
282092	598	12
282092	815	10
282092	1074	8
282092	1836	6
282175	1	25
282175	10	20
282194	1	25
282190	1	25
282181	1	25
282184	1	25
282188	1	25
163479	1	2
163869	1	2
165088	1	1
165098	1	16
165098	78	1
165163	1	16
165205	1	1
165399	1	2
170307	1	1
170348	1	5
170348	6	2
170348	105	2
170348	113	2
170348	143	1
170354	1	1
170354	291	1
171106	1	2
171106	29	2
171117	1	2
171219	1	4
172791	1	6
172791	68	4
172791	665	2
172799	1	2
172799	203	2
195913	1	10
195930	1	10
195930	150	7
195936	1	1
196131	1	10
196497	1	10
198022	1	0
198022	73	7
198022	101	10
198022	109	7
198022	113	70
202205	1	10
202205	93	10
202207	1	10
202208	1	10
202209	1	10
202237	1	10
202237	102	10
202237	986	10
205310	1	20
205310	75	10
205718	1	20
205718	168	10
205718	703	10
206088	1	20
206088	93	10
206102	1	20
206102	60	10
206102	64	20
206102	83	10
206188	1	10
206868	1	10
206869	1	10
207885	1	10
277125	1	20
277127	1	18
277127	13	15
277127	356	12
277127	855	10
277126	1	20
277126	31	18
277580	1	20
277559	1	20
277981	1	10
277981	85	5
277992	1	3
277991	1	20
277991	7	3
278239	1	20
278239	79	15
278239	381	12
278240	1	12
278240	65	10
278240	778	7
278315	1	15
278315	233	12
278315	488	10
278572	1	18
278820	1	18
278820	22	15
278820	25	18
278820	106	15
278820	411	12
278820	645	10
278820	956	8
278821	1	8
278816	1	18
163480	1	2
163482	1	2
163592	1	2
163593	1	2
163658	1	2
163755	1	1
163756	1	1
165402	1	2
167551	1	2
171315	1	4
173657	1	16
173657	5	10
173657	57	8
173657	69	10
173657	91	8
173658	1	8
173660	1	8
173660	365	1
175877	1	8
175881	1	8
176933	1	12
176933	82	10
191419	1	7
191419	36	7
193123	1	7
195099	1	10
195110	1	10
195112	1	10
195113	1	10
195647	1	10
195748	1	7
198955	1	10
198955	351	10
199409	1	10
199409	616	10
200152	1	10
200160	1	10
200161	1	10
200174	1	10
200176	1	10
200177	1	10
200525	1	10
200525	749	10
200599	1	10
200600	1	10
200600	642	10
201611	1	10
201611	132	10
202092	1	10
202301	1	10
202303	1	10
202305	1	10
202314	1	10
202314	190	10
202328	1	10
202328	136	10
202331	1	10
202332	1	10
202333	1	10
202389	1	10
202389	127	10
202389	211	0
202469	1	10
202469	141	10
202471	1	10
202472	1	10
202476	1	10
202477	1	10
202478	1	10
202478	230	10
202504	1	10
202504	83	10
202504	735	10
202869	1	0
203833	1	10
203834	1	10
203835	1	10
203835	318	10
203853	1	10
203853	122	10
203894	1	10
203894	86	10
203894	485	10
203909	1	0
203909	3	10
203909	192	10
203981	1	10
203986	1	10
204803	1	20
205236	1	20
205236	3	10
205614	1	10
205683	1	20
205683	76	10
206897	1	20
206897	29	10
206901	1	10
206940	1	10
206940	596	10
207099	1	20
207099	150	10
207099	923	10
207100	1	10
207214	1	0
207214	14	20
207214	151	10
207217	1	10
207222	1	10
276525	1	15
276525	89	12
276525	620	10
276525	1490	7
276527	1	7
276528	1	7
276528	328	5
276808	1	12
276808	512	10
276811	1	10
276811	216	7
276811	2170	5
276807	1	15
276807	158	12
276810	1	10
278072	1	20
278167	1	20
278167	86	12
278167	431	10
278167	1098	7
278175	1	20
278175	4	7
278175	63	5
163338	1	2
163358	1	2
163372	1	2
163375	1	1
163376	1	1
163378	1	1
163387	1	2
163483	1	2
163584	1	2
163585	1	2
163586	1	2
163591	1	2
163753	1	2
163754	1	2
163760	1	2
163761	1	2
163795	1	2
163795	24	3
163795	33	2
163796	1	2
163817	1	3
163817	118	2
165241	1	1
170292	1	1
175873	1	10
175873	25	10
175874	1	10
175874	14	10
175874	33	10
175874	52	10
175910	1	10
175921	1	20
175921	34	2
175921	47	8
175921	57	12
175921	177	10
175921	183	12
175976	1	8
176167	1	12
176289	1	12
176702	1	16
176702	124	12
176702	399	10
176797	1	16
176797	197	12
193093	1	7
193093	16	7
194116	1	1
194428	1	7
195016	1	7
195016	440	10
195265	1	10
196099	1	10
199868	1	10
199875	1	10
199877	1	10
199960	1	10
199961	1	10
199961	188	10
199967	1	10
199973	1	10
200041	1	10
200041	652	10
201191	1	0
201191	7	10
201191	88	10
201191	140	10
201191	875	10
201676	1	10
201678	1	10
201708	1	10
201727	1	10
201727	78	10
203992	1	10
207488	1	10
207714	1	0
207714	4	20
207714	71	0
208307	1	20
208307	11	10
208307	630	10
278817	1	18
278819	1	18
278822	1	8
278822	218	6
278822	1472	4
278822	1504	4
279207	None	1
279205	None	1
279479	1	18
279479	32	12
279479	124	4
279488	1	8
279487	1	8
279487	36	8
279487	38	8
279487	55	8
279489	1	8
279484	1	8
279480	1	8
279480	4	8
279546	1	18
279557	1	18
279539	1	18
279538	1	18
279538	5	12
279553	1	18
173662	1	5
173663	1	5
173692	1	20
173692	3	10
173692	90	8
173692	928	5
173692	2251	4
193922	1	7
194051	1	7
195109	1	10
195111	1	10
195115	1	10
195163	1	10
195664	1	7
195664	2	7
195747	1	7
195747	6	10
195747	7	7
195927	1	10
196107	1	10
196197	1	0
196197	3	10
196199	1	10
196203	1	10
196353	1	10
196458	1	7
199703	1	10
199739	1	0
199739	3	10
199745	1	10
199751	1	10
199752	1	10
199753	1	10
199754	1	10
199754	11	10
200187	1	10
200228	1	10
201807	1	10
201808	1	10
201810	1	10
202876	1	0
202909	1	0
207515	1	0
207515	3	20
207515	213	10
207515	1072	10
277202	1	20
277202	46	7
277194	1	18
277194	336	15
277194	711	12
277194	1275	10
277194	2028	7
277201	1	20
277863	1	20
277861	1	5
277860	1	1
277862	1	5
277864	1	20
279543	1	18
279584	1	18
279667	1	18
279667	107	20
279667	145	18
279667	310	15
279667	584	12
279667	785	10
279691	1	18
279691	94	20
279694	1	20
279694	44	18
279694	248	15
279694	524	12
279694	745	10
279694	1036	8
279694	1913	6
280952	1	18
280953	1	18
280958	1	18
280960	1	18
280946	1	18
165120	1	16
165120	28	1
177182	1	13
177182	2	8
177878	1	12
179410	1	20
179410	16	8
179431	1	26
179431	3	20
195655	1	10
199804	1	10
199804	561	10
200042	1	10
200049	1	10
200049	320	10
201803	1	10
201805	1	10
203742	1	10
204564	1	10
204564	436	10
204566	1	10
205214	1	10
205233	1	0
205233	5	20
205235	1	10
205599	1	20
205834	1	10
275963	1	15
278337	1	15
278322	1	15
279794	1	18
279794	79	20
279794	157	18
279794	341	15
279794	628	12
279794	870	10
280955	1	18
280938	1	18
280948	1	18
280947	1	18
281084	1	18
281085	1	18
281165	1	1
281155	1	1
281166	1	18
281166	5	1
281167	1	18
165233	1	1
167913	1	1
167913	13	2
167913	15	1
167913	361	1
170255	1	1
170303	1	1
170304	1	1
170406	1	1
172819	1	6
172819	42	4
178099	1	12
179547	1	26
179547	5	20
179547	234	16
179977	1	20
179977	141	8
190688	1	7
190688	4	7
200178	1	10
201005	1	10
201005	49	10
201097	1	10
201097	500	10
201113	1	1
201114	1	10
201173	1	10
201174	1	10
201174	415	10
201176	1	10
201624	1	10
201624	176	10
201625	1	10
201625	738	10
201692	1	10
201692	130	10
201705	1	10
201705	79	10
201706	1	10
204600	1	10
204797	1	20
205193	1	0
205193	4	20
205193	61	10
205193	65	20
205193	100	10
205193	805	10
205217	1	10
205237	1	10
205238	1	10
205238	164	10
205303	1	20
205303	38	10
205344	1	10
205344	377	10
205515	1	20
205515	84	10
206066	1	0
206066	6	20
206066	134	10
206304	1	10
206389	1	0
206389	4	20
206389	124	10
206390	1	10
206391	1	10
206446	1	0
206446	5	20
206446	147	10
206446	967	10
206466	1	20
206466	79	10
206476	1	20
206575	1	10
206744	1	20
206744	51	10
206859	1	0
206859	3	20
206859	162	10
206866	1	10
206866	216	10
207269	1	0
207269	4	20
207269	88	10
207273	1	10
207273	310	10
278018	1	15
278018	195	12
278018	702	10
278017	1	20
278017	429	18
278017	455	15
278769	1	18
278770	1	18
278770	42	15
278770	435	12
278770	645	10
279071	1	18
279071	70	8
279071	158	6
279073	1	6
279072	1	6
279115	1	18
279115	123	8
279115	216	10
279115	248	12
279115	295	15
279115	351	18
279115	564	6
279116	1	15
279116	163	12
279116	391	10
279654	1	18
279654	14	15
279654	306	12
279654	506	10
279654	831	8
279658	1	8
279658	173	6
279657	1	8
279653	1	18
279656	1	8
280361	1	18
280327	1	18
280330	1	18
280330	187	15
280330	470	12
280330	690	10
280363	1	18
280363	3	6
280363	5	8
280363	243	6
280349	1	10
280349	151	8
280349	471	6
280349	481	8
280364	1	6
280364	1202	4
280362	1	18
281090	1	18
281089	1	18
281088	1	18
281145	1	1
281164	1	1
281178	1	18
281178	22	1
281156	1	1
281189	1	1
281201	1	1
281242	1	1
281280	1	1
281222	1	1
281209	1	1
281285	1	1
281286	1	18
281286	5	1
281213	1	18
281213	17	1
281256	1	18
281256	14	1
281216	1	1
281200	1	1
281202	1	18
281265	1	1
281227	1	1
281207	1	1
281208	1	18
163369	1	2
163377	1	1
167674	1	2
170876	1	2
170876	181	1
170876	415	1
170901	1	1
171088	1	1
175866	1	4
176202	1	12
176207	1	12
176207	94	10
176698	1	20
190462	1	7
190591	1	7
190591	12	7
191090	1	7
191090	56	0
193998	1	7
195013	1	10
195776	1	10
195776	426	7
195868	1	10
195915	1	10
195917	1	10
195919	1	10
195925	1	10
195970	1	0
195970	2	10
200991	1	10
200991	550	10
201200	1	10
201200	157	10
201229	1	10
201229	54	10
201658	1	10
201658	3	10
201668	1	10
201668	107	10
201671	1	10
201671	559	10
201679	1	10
203991	1	10
203994	1	10
204553	1	10
205111	1	0
205111	4	20
205111	89	10
205111	92	20
205111	114	10
205611	1	10
205826	1	20
205826	85	10
205908	1	20
205921	1	20
205921	25	10
206258	1	10
206297	1	0
206297	4	20
206302	1	20
206302	35	10
206539	1	20
206939	1	0
206939	4	20
206939	34	10
207219	1	10
207219	4	10
207220	1	10
207371	1	20
207371	72	10
207397	1	20
207397	29	10
207397	32	20
207397	60	10
207477	1	20
207477	178	10
278270	1	18
278270	9	1
280226	1	18
280226	23	20
280384	1	20
280384	15	18
280385	1	18
280385	178	15
280385	466	12
280385	631	10
280385	1011	8
280385	2002	6
280383	1	18
280383	68	20
281231	1	18
281231	7	1
172868	1	4
172868	554	2
172868	1755	2
173236	1	16
173236	4	12
173236	76	10
175833	1	2
175834	1	2
175835	1	2
175857	1	20
175857	25	8
175857	31	4
175858	1	4
175888	1	8
178102	1	12
178110	1	26
178110	2	20
178110	259	16
178151	1	26
178151	45	20
178424	1	12
190492	1	7
191421	1	7
193928	1	7
194108	1	7
194108	821	7
194224	1	7
199862	1	10
199863	1	10
199864	1	10
199867	1	10
199867	87	10
200992	1	10
201115	1	10
201159	1	0
201159	4	10
201164	1	10
201168	1	10
201168	198	10
201554	1	10
201554	93	10
202000	1	0
202000	18	10
202084	1	10
202084	87	10
205519	1	10
205519	281	10
275918	1	10
275920	1	10
275920	13	7
275923	1	7
275911	1	15
275911	259	12
275912	1	12
275912	261	10
275931	1	7
275913	1	10
275921	1	7
275922	1	7
276094	1	15
276093	1	15
276097	1	15
276097	107	12
276095	1	15
276092	1	15
276096	1	15
278287	1	18
278288	1	18
278288	74	12
278289	1	12
278290	1	12
279304	None	1
279311	None	1
280307	1	18
280307	41	1
163402	1	2
163475	1	2
163476	1	2
163596	1	2
163657	1	2
163660	1	2
163661	1	2
165268	1	1
165271	1	1
190488	1	1
194270	1	7
195114	1	10
198207	1	10
198208	1	10
198210	1	10
198212	1	10
198212	264	70
198213	1	70
198215	1	70
200180	1	10
200185	1	10
200186	1	10
200188	1	10
200960	1	0
200960	8	10
200976	1	10
201815	1	10
202299	1	10
202299	165	10
203912	1	10
203912	382	10
206573	1	10
206594	1	20
206594	108	10
206596	1	10
206596	324	10
207279	1	20
207279	69	10
207279	902	10
207883	1	10
207884	1	10
207886	1	10
208302	1	10
208538	1	20
276186	1	15
276190	1	15
276183	1	15
276185	1	15
276181	1	15
278395	1	15
278406	1	18
278406	183	15
278406	477	12
278406	650	10
278406	1017	8
278957	1	18
278954	1	18
279887	1	18
279887	65	20
279887	78	18
279887	298	15
281103	1	18
281103	23	1
281130	1	18
281130	27	1
281131	1	1
281508	1	18
281508	89	1
281590	1	18
163478	1	2
163580	1	2
163581	1	2
163582	1	2
163583	1	2
163587	1	2
163588	1	2
163589	1	2
163589	47	2
166346	1	4
166346	8	2
172255	1	4
172475	1	2
172630	1	6
172630	11	4
176023	1	20
176023	2	16
176023	60	12
176023	66	16
176163	1	12
177875	1	26
177875	9	20
177875	149	16
177875	482	12
178078	1	20
178160	1	20
178160	210	16
178162	1	16
178162	34	12
178677	1	20
178708	1	16
180251	1	16
194790	1	7
195950	1	10
195950	849	7
196048	1	10
196094	1	10
196097	1	10
196201	1	10
196433	1	10
198214	1	70
198269	1	10
198271	1	10
198271	463	10
198346	1	10
198372	1	10
198485	1	10
198486	1	10
198487	1	10
198487	451	10
198522	1	10
198898	1	0
198898	3	10
198898	125	10
198941	1	10
199103	1	0
199103	56	10
199428	1	10
199428	595	10
201197	1	10
204511	1	10
204555	1	10
204599	1	0
204599	3	20
204599	143	10
204792	1	20
204792	5	0
205158	1	0
205158	3	20
205158	102	10
205311	1	10
205311	168	10
205339	1	20
205339	75	10
205618	1	10
206210	1	10
206210	486	10
206243	1	0
206243	3	20
206243	165	10
206243	909	10
206245	1	10
206246	1	10
206257	1	10
206301	1	10
206303	1	10
206478	1	10
206512	1	0
206512	2	20
206512	96	10
206512	883	10
208341	1	10
208341	407	10
208407	1	10
208428	1	10
208429	1	10
208487	1	20
208487	40	10
208540	1	20
208540	13	10
208541	1	10
208553	1	10
208686	1	0
208686	6	20
208686	148	10
277148	1	20
277148	84	15
277148	395	12
277168	1	20
277168	9	12
277168	267	10
277168	973	7
277166	1	20
277166	102	15
277166	193	12
278873	1	18
278873	76	12
278873	95	10
278874	1	10
278874	53	12
278874	197	10
278874	404	8
278875	1	8
278875	219	6
278875	224	8
278875	422	6
278875	424	8
278875	533	6
281546	1	1
281545	1	18
281545	11	1
281611	1	18
163630	1	2
163662	1	2
163663	1	2
163664	1	2
163668	1	2
163751	1	2
163752	1	1
165103	1	1
167746	1	2
175872	1	10
175872	65	10
175872	68	10
194535	1	7
196438	1	10
196438	521	7
196509	1	10
196531	1	10
198202	1	10
198211	1	10
198229	1	0
198229	5	10
198230	1	10
198249	1	10
198954	1	10
198969	1	10
198969	673	10
199008	1	10
199011	1	10
199318	1	10
199319	1	10
199319	686	10
199336	1	10
199356	1	10
199429	1	10
199435	1	10
199435	590	10
199436	1	10
199436	642	10
199563	1	10
199564	1	10
199565	1	10
199566	1	10
199567	1	10
199568	1	10
199569	1	10
199569	354	10
199570	1	10
199571	1	10
199572	1	10
199573	1	10
199574	1	10
199608	1	10
199608	602	10
199608	2267	10
199698	1	0
199698	10	10
199701	1	10
200601	1	10
202091	1	10
203780	1	10
203830	1	0
203830	5	10
203830	86	10
203832	1	10
204113	1	20
204113	183	10
204238	1	20
204238	38	10
205694	1	10
205694	94	10
207875	1	20
207875	2	0
207882	1	20
207882	38	10
208535	1	20
208551	1	20
208551	105	10
208551	290	10
208552	1	10
209089	1	10
209089	8	10
209089	35	10
209089	39	10
209106	1	10
209106	42	10
209109	1	10
209146	1	0
209146	3	10
209148	1	10
209151	1	10
209151	311	10
276494	1	15
276495	1	15
276502	1	7
276501	1	15
276501	354	12
276501	821	10
276501	1849	7
277180	1	20
277180	93	18
277180	147	15
277420	1	20
277420	73	15
277420	78	20
277420	84	18
277420	237	15
277847	1	20
278001	1	20
277998	1	20
281612	1	18
281613	1	18
281613	108	1
281613	123	1
281613	131	1
281613	141	20
281613	157	18
281613	170	15
281613	178	12
281613	185	10
281613	193	8
281613	200	6
281613	206	4
281613	212	4
281613	219	1
281613	228	1
281613	237	1
281613	242	1
281616	1	18
281616	3	1
281616	15	6
281616	228	1
281616	236	1
281616	251	1
281616	263	1
281616	271	1
281616	366	1
163289	1	1
163296	1	1
163296	4	2
163297	1	2
163300	1	2
163301	1	1
163302	1	1
163308	1	1
171156	1	6
171156	212	2
171895	1	2
172163	1	4
172163	544	2
172268	1	6
172268	2	4
172286	1	4
172507	1	2
172516	1	2
176169	1	12
176848	1	10
178667	1	16
178667	45	20
190490	1	7
190491	1	7
190592	1	7
190592	4	7
190593	1	7
190595	1	7
190661	1	7
190663	1	7
190678	1	7
190679	1	7
190702	1	7
190702	67	7
190703	1	7
190704	1	7
190705	1	7
190705	95	7
190706	1	7
190706	9	7
190707	1	7
190708	1	7
190906	1	7
190945	1	7
190949	1	7
190949	82	0
191043	1	7
191242	1	1
191247	1	7
191248	1	7
191264	1	7
191264	13	7
191264	76	7
191271	1	7
191276	1	7
191367	1	7
191367	3	0
191387	1	7
191387	3	0
191404	1	7
191406	1	7
191411	1	7
191694	1	7
191695	1	7
191697	1	1
191700	1	7
191701	1	7
191718	1	7
191720	1	7
191721	1	7
191723	1	1
191810	1	7
191811	1	7
191830	1	7
191832	1	1
191833	1	7
193112	1	0
193112	20	7
193112	54	0
193115	1	1
193116	1	0
193124	1	7
193124	8	7
193192	1	7
193192	31	7
193192	39	0
193192	51	7
193193	1	7
193207	1	10
193336	1	7
193336	608	7
193621	1	7
193833	1	7
193834	1	7
193898	1	7
193904	1	7
193905	1	7
194150	1	7
194151	1	7
194151	498	7
194153	1	7
194199	1	7
194210	1	7
194210	422	7
194223	1	7
194303	1	7
194304	1	7
194305	1	7
194427	1	7
194429	1	7
194429	26	7
194439	1	7
194455	1	7
194464	1	7
194479	1	7
194480	1	7
194480	312	7
194702	1	7
194704	1	7
194704	382	7
194711	1	7
194897	1	7
194914	1	7
194914	3	10
194914	17	7
194914	21	10
194914	25	7
194915	1	7
195147	1	10
195164	1	10
195165	1	10
195249	1	10
195251	1	10
163286	1	2
163286	108	1
163332	1	1
163332	8	2
163385	1	2
165248	1	1
165558	1	1
165567	1	2
165567	541	2
165570	1	2
165570	696	1
165617	1	2
167785	1	2
167786	1	2
171446	1	6
171446	3	4
171446	375	2
171484	1	5
171484	80	4
171484	359	2
172014	1	4
172024	1	4
172033	1	4
172033	256	2
172400	1	4
172400	460	2
172444	1	1
172476	1	2
172478	1	2
172485	1	5
172485	3	4
175837	1	2
175865	1	4
177785	1	12
177786	1	12
177786	44	20
177788	1	20
177788	22	16
177788	30	12
177791	1	12
178116	1	16
178116	180	12
191046	1	7
191056	1	7
191057	1	7
191057	10	7
191062	1	7
191226	1	7
191226	38	7
193999	1	7
194027	1	7
194052	1	7
195303	1	10
195304	1	10
195378	1	10
195378	3	10
195378	1301	7
195379	1	7
195399	1	7
195522	1	10
195523	1	10
195524	1	10
195527	1	10
195528	1	10
195529	1	10
195530	1	10
195540	1	10
195551	1	10
195552	1	10
195552	1307	7
195633	1	10
195634	1	10
195656	1	10
195757	1	7
195758	1	7
195773	1	10
195774	1	10
195775	1	10
195841	1	10
195929	1	10
195937	1	7
195963	1	10
196019	1	0
196019	3	10
196023	1	10
196027	1	10
196046	1	10
196047	1	10
196090	1	10
196095	1	10
196096	1	10
196098	1	10
196103	1	10
196122	1	7
196122	4	10
196135	1	10
196200	1	10
196202	1	10
196218	1	10
196239	1	10
196239	835	7
196249	1	10
196250	1	10
196251	1	10
196252	1	10
196334	1	0
196334	3	10
196349	1	10
196350	1	10
196352	1	10
196357	1	10
196359	1	10
196361	1	10
196362	1	10
196363	1	10
196430	1	0
196430	2	10
196431	1	10
196432	1	10
196437	1	10
196452	1	0
196452	2	10
196453	1	10
196453	805	7
196495	1	0
196495	2	10
196501	1	10
196508	1	10
198023	1	70
198040	1	10
198041	1	70
198044	1	70
198045	1	70
198046	1	10
198047	1	70
198048	1	70
198049	1	70
198050	1	70
198063	1	70
198116	1	10
163334	1	2
163655	1	2
163665	1	2
163738	1	2
165993	1	4
165993	4	2
165993	773	2
165993	778	2
166859	1	4
166859	27	2
167675	1	2
167675	518	2
167676	1	2
167740	1	4
167740	4	2
167754	1	2
170298	1	1
170376	1	6
170376	54	2
170376	57	2
170376	60	1
170842	1	2
171050	1	6
171050	54	4
171050	93	2
171875	1	4
171926	1	4
172208	1	4
172252	1	4
172254	1	4
172488	1	4
172488	14	2
172495	1	2
172495	116	2
172497	1	2
172798	1	2
172802	1	2
172802	304	1
172822	1	4
172822	616	2
172822	1922	2
172824	1	2
175974	1	16
176206	1	12
176286	1	12
176286	63	16
176286	166	12
176304	1	12
176304	67	16
176304	187	12
176308	1	12
176309	1	12
176309	224	10
176309	484	8
176309	697	5
176309	985	4
176795	1	26
176795	4	20
176795	43	26
176796	1	26
176796	11	20
176796	46	16
176799	1	12
176799	154	10
176801	1	10
176805	1	10
176807	1	10
176844	1	12
176844	62	10
176850	1	10
176860	1	10
176868	1	10
176885	1	16
176886	1	16
176886	75	12
176886	379	10
176889	1	10
176927	1	13
176928	1	26
176928	8	16
176929	1	16
176929	172	12
176959	1	16
176982	1	26
176982	4	12
177053	1	26
177053	43	16
177053	265	12
177053	531	10
177074	1	26
177074	26	16
177074	201	12
177074	488	10
177088	1	26
177088	3	16
177095	1	26
177095	3	16
177095	99	12
177096	1	12
177096	130	10
177131	1	26
177131	39	20
177138	1	20
177138	72	16
177139	1	16
177139	286	12
177139	532	10
177140	1	10
177141	1	10
177183	1	16
177183	9	20
177183	99	16
177184	1	16
177201	1	16
177201	63	20
177201	258	16
177201	440	12
177222	1	26
177222	41	20
177222	59	16
177313	1	26
177313	4	16
177313	62	20
177316	1	20
177317	1	20
177318	1	20
177318	70	16
177318	369	12
177319	1	12
177449	1	26
177449	2	16
177449	45	20
177449	236	16
177452	1	16
177452	157	12
177719	1	12
177730	1	26
177730	36	20
177730	51	16
177730	56	20
177730	214	16
177730	431	12
177776	1	26
177776	8	16
177776	52	20
177782	1	26
177782	74	16
177782	80	20
177782	161	16
178669	1	20
178670	1	20
178671	1	10
178675	1	16
178675	12	20
178703	1	26
178703	3	16
178703	31	20
178703	177	16
178712	1	16
178712	8	12
178724	1	12
178731	1	12
178738	1	12
178786	1	26
178786	20	16
178786	67	20
178786	194	16
178803	1	26
178803	3	16
178803	56	20
178803	152	16
178840	1	26
178840	2	16
178840	47	20
178840	200	16
178970	1	20
178970	158	16
178985	1	16
178985	7	12
179434	1	16
179434	28	20
179434	84	16
179434	572	12
179452	1	12
179476	1	12
179497	1	26
179497	4	20
179497	193	16
179558	1	16
190482	1	7
190538	1	7
190538	3	7
190539	1	7
190710	1	7
166010	1	2
166011	1	2
166033	1	4
166033	13	3
166033	27	2
166486	1	4
166486	3	2
166502	1	4
166502	3	2
166512	1	2
166784	1	2
166787	1	2
166787	12	2
166840	1	1
166841	1	2
166842	1	2
166842	8	2
166861	1	2
167041	1	2
167041	396	2
167043	1	2
167078	1	2
167098	1	2
167098	424	1
167098	447	2
170286	1	6
170286	3	2
170286	83	2
170286	87	1
170378	1	1
170378	4	1
170380	1	2
170382	1	2
170382	8	1
170382	10	1
170397	1	1
170527	1	4
170527	13	2
170527	44	2
171178	1	2
171178	149	2
171178	731	1
171274	1	4
171282	1	4
171578	1	4
171578	348	2
171578	697	2
175863	1	4
176166	1	12
176201	1	20
176201	2	12
176201	41	16
176201	135	12
177507	1	26
177507	28	16
177507	42	20
177507	64	26
177507	67	16
177509	1	16
177509	8	12
177509	110	16
177515	1	16
177515	6	12
177718	1	26
177718	44	20
177718	121	16
177718	491	12
178022	1	26
178022	8	16
178098	1	20
178098	184	16
178098	492	12
179563	1	16
179563	346	12
179889	1	26
179889	19	20
179889	169	16
190456	1	7
190456	9	7
190459	1	7
190459	5	7
190465	1	7
190645	1	7
190646	1	7
190659	1	7
190659	71	7
190733	1	7
190734	1	1
190735	1	1
190736	1	7
190738	1	7
190782	1	7
190895	1	7
191424	1	7
191693	1	1
191834	1	7
191837	1	7
191839	1	7
191842	1	7
191845	1	7
191849	1	7
191856	1	7
191857	1	7
191858	1	7
191859	1	7
193541	1	7
193556	1	7
193557	1	7
193575	1	7
193835	1	7
193836	1	7
193878	1	7
193919	1	7
193925	1	7
194050	1	7
194050	701	7
194050	1777	7
194075	1	7
194115	1	7
194115	713	7
194117	1	7
194119	1	7
194120	1	7
194120	334	7
194225	1	7
194315	1	7
194317	1	7
194424	1	7
194533	1	7
194619	1	7
194627	1	7
194631	1	7
194643	1	7
194644	1	7
194691	1	7
194699	1	7
194712	1	7
194712	515	7
194735	1	7
194778	1	7
194785	1	7
194786	1	7
194787	1	7
194788	1	7
194789	1	7
194825	1	7
194896	1	7
194912	1	7
195266	1	10
195385	1	7
195387	1	7
195390	1	7
195396	1	10
195397	1	10
195398	1	10
195398	188	7
195398	1313	7
195526	1	10
195645	1	10
195649	1	10
195658	1	10
195658	49	7
195916	1	10
195918	1	10
195923	1	10
195926	1	10
166052	1	2
166052	113	2
166052	115	2
166052	116	2
166143	1	1
166143	11	1
166144	1	1
166145	1	1
166147	1	2
166148	1	2
166149	1	2
166150	1	2
166161	1	2
166163	1	2
166374	1	4
166374	3	2
166375	1	1
166377	1	2
166514	1	2
166514	12	2
166563	1	2
167284	1	2
167284	892	1
167673	1	4
167673	3	2
170249	1	2
170249	42	1
170249	46	1
170396	1	1
170722	1	4
170722	116	2
170722	119	2
170722	219	2
170759	1	6
170759	15	2
170759	337	1
170854	1	2
170896	1	1
170899	1	1
171090	1	1
171091	1	2
171098	1	2
171102	1	2
171116	1	1
171369	1	5
171369	61	4
171876	1	4
171876	382	2
171879	1	2
171880	1	2
171890	1	2
171897	1	2
171897	296	2
171921	1	6
171921	4	4
172468	1	2
172473	1	2
172590	1	1
172592	1	1
172619	1	2
172620	1	2
172635	1	4
172778	1	6
172778	3	4
172801	1	2
175875	1	10
175886	1	8
175887	1	8
175906	1	20
175906	50	8
175906	52	20
175906	71	10
175907	1	5
175971	1	20
175971	49	12
175971	61	16
175973	1	16
175975	1	16
175975	180	8
175990	1	20
175990	4	2
175990	27	16
175990	57	12
176161	1	12
176165	1	12
176466	1	12
176467	1	12
176467	113	10
176468	1	10
176469	1	10
176470	1	8
176545	1	20
176547	1	20
176547	28	12
176548	1	12
176548	121	10
176548	625	8
176765	1	16
176765	67	20
176765	111	26
176771	1	16
176771	65	20
176771	79	26
176771	149	20
176841	1	16
176841	122	12
176842	1	12
177783	1	16
177783	243	12
177789	1	12
177790	1	12
178421	1	16
178421	34	20
178421	42	26
178421	111	20
178421	230	16
178421	510	12
191086	1	7
191201	1	7
191244	1	1
191277	1	7
191691	1	7
191691	67	7
191692	1	7
191692	20	7
191726	1	7
191800	1	7
191808	1	1
163269	1	2
163337	1	2
163368	1	2
163370	1	2
163371	1	2
163374	1	2
163374	672	1
163757	1	2
163763	1	2
165099	1	1
165102	1	16
165102	5	1
165121	1	1
165121	243	1
165150	1	1
165165	1	1
165168	1	1
165208	1	1
165229	1	4
165229	29	1
165229	38	1
165238	1	1
165254	1	1
165255	1	1
165262	1	1
165269	1	1
165400	1	2
165415	1	2
165415	812	1
165467	1	2
165467	114	2
166164	1	2
166530	1	4
166530	38	2
166530	42	3
166554	1	2
166562	1	2
166565	1	2
166565	12	2
166699	1	2
166860	1	2
166862	1	1
166863	1	2
166864	1	2
166864	318	2
166888	1	2
166889	1	2
166890	1	2
166893	1	2
166894	1	2
166895	1	2
166895	135	2
166911	1	2
166921	1	2
166922	1	2
166923	1	2
166946	1	2
166947	1	2
166950	1	2
166960	1	2
166960	60	2
166966	1	2
166967	1	2
167039	1	2
170452	1	6
170452	23	2
170452	75	4
170452	80	2
171812	1	4
171812	324	2
172011	1	6
275887	1	15
275886	1	15
275886	8	12
275886	22	15
275886	25	12
275886	69	15
275890	1	15
275890	9	12
275890	504	10
173659	1	8
173661	1	5
178854	1	16
178854	64	12
178866	1	12
178871	1	12
178920	1	26
178920	35	20
178920	207	16
179411	1	16
179411	7	20
179411	10	16
179411	24	20
179411	97	26
179959	1	26
179959	62	20
180072	1	26
180072	2	20
180072	62	16
180072	80	26
180072	105	8
180076	1	16
180076	202	26
180076	229	16
180091	1	16
180093	1	16
180093	99	12
180093	327	26
180241	1	26
180241	4	20
180241	66	16
180241	100	26
180241	130	16
180249	1	26
180249	3	20
180250	1	20
180250	238	16
180252	1	16
163333	1	2
163339	1	1
163340	1	1
163659	1	2
165272	1	1
165364	1	2
165364	1133	1
165472	1	2
165472	493	1
165486	1	2
165487	1	2
165506	1	2
165506	58	2
165514	1	2
165514	41	2
165523	1	4
165523	6	2
165525	1	2
165529	1	2
165536	1	2
165537	1	2
165537	13	2
165542	1	2
165542	162	1
165548	1	1
165619	1	2
165620	1	2
165633	1	4
165633	3	2
165970	1	4
165970	9	2
166034	1	2
166034	203	2
166049	1	4
166049	16	3
166049	57	2
166051	1	2
166379	1	2
166380	1	2
166380	638	2
166394	1	2
166408	1	4
166408	30	2
166429	1	4
166429	5	2
166438	1	2
166439	1	2
166462	1	4
166462	16	2
166701	1	2
166701	79	2
166763	1	2
166781	1	4
166781	3	2
166782	1	2
166839	1	4
166839	6	2
167102	1	4
167102	7	2
167103	1	2
167150	1	2
167151	1	2
167281	1	2
167282	1	2
167282	38	2
167283	1	2
167807	1	2
167807	1406	2
167830	1	2
167830	172	1
167830	459	1
167898	1	4
167898	4	2
167898	1334	2
167898	1655	1
172389	1	6
172389	4	4
172399	1	6
172399	2	4
172401	1	2
172411	1	6
172411	4	4
172448	1	1
172451	1	1
172457	1	1
172847	1	6
172847	2	4
172865	1	5
172865	3	4
172867	1	4
172949	1	5
172949	2	4
172949	934	2
172951	1	2
172952	1	2
172952	681	2
172992	1	4
172998	1	4
172998	50	2
172998	66	2
172998	81	1
172999	1	2
173198	1	4
173198	666	2
173240	1	10
173241	1	10
173241	17	8
173241	760	1
173243	1	5
173243	14	8
173244	1	8
173380	1	20
173380	4	10
173380	200	8
173381	1	8
173389	1	10
173389	283	8
173406	1	20
173406	22	10
173430	1	8
173431	1	8
173438	1	8
173439	1	10
173439	307	8
173664	1	5
176697	1	20
176701	1	20
176701	8	16
198523	1	10
199021	1	10
199021	683	10
199699	1	10
199699	389	10
199833	1	10
199833	411	10
200075	1	0
200075	4	10
200466	1	10
200466	91	10
200466	142	10
200990	1	0
200990	5	10
201199	1	10
201202	1	10
201812	1	10
201813	1	10
201816	1	10
201824	1	10
202013	1	10
202014	1	10
202016	1	10
202016	203	10
202044	1	10
202044	116	10
202045	1	10
202045	340	10
202046	1	10
202047	1	10
202051	1	10
202088	1	10
203777	1	10
203778	1	10
203778	51	10
205666	1	20
205666	99	10
206187	1	20
206187	201	10
206199	1	20
206199	6	10
206484	1	0
206484	4	20
206484	224	10
206745	1	10
206745	349	10
206745	1965	10
207320	1	10
207398	1	10
207454	1	20
207454	138	10
207454	982	10
207468	1	20
207468	77	10
207491	1	10
207779	1	0
207788	1	1
207789	1	0
207790	1	0
207813	1	0
207813	3	0
207897	1	0
207897	2	20
207897	92	10
207905	1	0
207905	3	20
207905	74	10
207905	78	20
207905	136	10
207905	931	10
207920	1	20
207920	125	10
207921	1	10
207922	1	10
207922	15	10
207924	1	10
208299	1	20
208300	1	20
208303	1	10
208304	1	20
208339	1	20
208339	85	10
208351	1	20
208351	135	10
208353	1	10
208357	1	10
208357	90	10
208390	1	0
208390	4	20
208390	157	10
208391	1	10
208391	685	10
208406	1	10
208509	1	20
208509	60	20
276508	1	15
276765	1	15
276769	1	15
276776	1	10
276776	458	7
276794	1	15
276794	8	7
276794	413	5
276767	1	15
276775	1	15
276775	184	12
276775	780	10
277853	1	20
277854	1	20
277856	1	20
278509	1	15
278509	100	18
278509	191	15
278509	529	12
278509	691	10
278509	1044	8
279822	1	18
279823	1	18
279823	26	20
279823	50	18
279823	366	15
279931	1	18
279931	71	8
279931	74	18
279931	262	15
279931	521	12
279931	752	10
279931	1088	8
279931	1946	6
199834	1	10
199834	656	10
201366	1	10
201393	1	10
201418	1	10
201613	1	10
201718	1	10
201718	66	10
203836	1	10
203836	23	0
204484	1	10
204554	1	10
206331	1	20
206331	187	10
276235	1	15
276235	4	12
276237	1	15
276243	1	7
276242	1	15
276242	9	12
276242	465	10
276242	1385	7
276244	1	7
277277	1	20
277278	1	20
277279	1	20
277933	1	1
277932	1	1
277934	1	1
278136	1	20
278193	1	20
278193	3	15
278193	76	18
278193	122	15
278345	1	15
278345	309	12
278345	620	10
278346	1	10
278346	112	8
278349	1	8
278349	318	6
278349	325	8
278349	467	6
278366	1	6
278761	1	18
278761	5	1
278976	1	6
278969	1	18
278969	373	15
278969	644	12
278969	872	10
278969	1198	8
278975	1	8
278975	600	6
201669	1	10
201707	1	10
201707	579	10
201794	1	10
201802	1	0
201802	8	10
201802	172	10
201806	1	10
201809	1	10
201817	1	10
201818	1	10
201819	1	10
201819	231	10
202012	1	10
202012	58	10
202074	1	10
202074	85	10
202075	1	10
202075	616	10
202272	1	10
202272	79	10
202272	637	10
202304	1	10
202304	116	10
203739	1	10
203980	1	10
203985	1	10
206448	1	10
276044	1	15
276074	1	15
276063	1	15
276054	None	1
276071	1	15
276072	1	15
276049	1	15
276062	1	15
276064	1	15
276279	1	15
276282	1	15
276282	376	12
276282	971	10
276271	1	15
276276	1	15
276283	1	10
276283	778	7
276948	1	12
276942	1	15
276942	8	18
276947	1	15
276947	96	12
276950	1	12
276950	42	10
276950	881	7
276945	1	18
276940	1	20
276940	82	18
276940	123	15
276941	1	15
276944	1	18
276946	1	18
276946	9	15
277822	1	20
277826	1	20
277833	1	20
277827	None	1
277824	1	20
277820	1	20
277829	1	20
277832	1	20
277819	1	20
277835	1	20
277823	1	20
277816	1	20
277828	1	20
278765	1	18
278765	9	15
279682	1	20
279682	6	18
279683	1	18
279684	1	18
279685	1	18
279685	7	15
279685	10	18
279685	43	15
199812	1	10
199812	629	10
199832	1	10
200473	1	10
200473	498	10
200491	1	10
200515	1	10
200518	1	10
200532	1	10
201062	1	0
201062	3	10
201535	1	10
201535	12	7
201612	1	10
202087	1	10
202087	501	10
202093	1	10
202116	1	10
202178	1	10
202178	85	10
202178	664	10
203002	1	0
203002	4	10
203002	103	10
203002	766	10
203987	1	10
203987	310	10
204114	1	10
204114	259	10
204577	1	10
204577	633	10
204795	1	0
204795	90	20
205781	1	10
205833	1	0
205833	5	20
205833	168	10
206401	1	20
206401	181	10
206540	1	20
206541	1	20
207221	1	10
207231	1	20
207231	181	10
207231	985	10
207233	1	10
208392	1	10
208394	1	10
208397	1	10
208402	1	10
278474	1	15
278807	1	10
278802	1	18
278804	1	15
278800	1	18
278801	1	18
278805	1	15
278805	88	12
278805	285	10
278806	1	10
278803	1	18
278803	107	15
278808	1	10
278808	343	8
278808	1235	6
278962	1	18
278962	195	15
278963	1	15
278963	108	12
279681	1	18
279681	81	20
201193	1	10
201195	1	10
201196	1	10
206208	1	10
206208	231	10
208296	1	20
275958	1	15
275960	1	15
276434	1	15
276544	1	7
276545	1	7
276542	1	15
276542	321	12
276543	1	12
276543	29	10
276543	936	7
277087	1	20
277087	168	5
277076	1	7
277071	1	10
277069	1	20
277069	85	18
277069	89	20
277069	94	18
277075	1	7
277086	1	20
277070	1	18
277070	11	15
277070	39	18
277070	67	15
277070	323	12
277070	803	10
277072	1	10
277072	306	7
277073	1	20
277073	21	7
277081	1	20
277534	1	20
277536	1	20
277842	1	20
279966	1	18
279966	77	20
279966	275	18
279966	402	15
279975	1	18
279975	76	20
279975	87	20
279975	118	20
279975	279	18
279975	489	15
279975	749	12
279975	952	10
279967	1	18
279994	1	20
280014	1	18
280024	1	4
280006	1	18
280006	19	15
280015	1	18
280015	7	15
280015	82	12
280015	287	10
279990	1	18
280002	1	18
280007	1	18
280007	14	15
280020	1	4
279993	1	18
279993	89	20
280018	1	8
280018	160	6
280018	596	4
279991	1	18
280013	1	18
280021	1	4
280023	1	4
280016	1	18
280016	6	8
280019	1	4
280022	1	4
279995	1	20
280001	1	18
280017	1	8
198270	1	10
198272	1	10
200190	1	10
200243	1	10
201390	1	10
201419	1	10
201420	1	10
201729	1	10
201804	1	10
202086	1	10
202880	1	0
202972	1	10
202972	9	10
202972	530	10
204101	1	10
204506	1	20
204506	70	10
204541	1	0
204541	4	20
204541	83	10
204544	1	10
204576	1	20
204576	87	10
204601	1	10
204601	488	10
204798	1	10
204799	1	10
204800	1	20
204809	1	20
204812	1	20
205086	1	0
205086	4	20
205086	57	10
205604	1	10
205605	1	10
205690	1	10
206477	1	20
206477	6	10
206572	1	20
206572	39	10
206572	40	20
206574	1	10
206595	1	10
206598	1	10
206867	1	10
207299	1	10
207487	1	20
207487	26	0
207487	35	20
207487	144	10
207490	1	10
207490	38	10
207492	1	10
207517	1	10
207518	1	10
207898	1	10
208297	1	20
208298	1	10
208393	1	10
278419	1	15
278418	1	15
278417	1	15
278923	1	18
278923	348	15
278904	1	0
278922	1	18
278941	1	18
279085	1	18
279854	1	10
279861	1	10
279864	1	10
279845	1	18
279846	1	18
279846	11	15
279852	1	10
279857	1	10
279862	1	10
198268	1	10
201228	1	10
201278	1	10
201278	126	10
201278	790	10
201278	2193	10
201383	1	10
201384	1	10
201391	1	10
201602	1	10
201602	90	10
201657	1	10
202050	1	10
202054	1	10
202060	1	10
202060	79	10
202060	715	10
202090	1	10
202873	1	0
203709	1	10
204250	1	20
204250	104	10
204550	1	10
204551	1	10
204552	1	10
204563	1	0
204563	3	20
204563	94	10
204565	1	10
204567	1	10
205526	1	10
205595	1	20
205598	1	20
205600	1	20
205600	42	10
205617	1	10
205617	169	10
205620	1	10
205774	1	20
205774	10	10
205937	1	0
206098	1	20
206542	1	20
206542	12	10
206542	17	20
206542	40	10
207372	1	10
207469	1	20
207887	1	20
207887	9	10
208427	1	20
208427	89	10
279024	1	18
279024	86	8
279029	1	8
279028	1	8
279767	1	6
279760	1	18
279760	77	20
279760	213	18
279760	373	15
279760	609	12
279766	1	12
279766	60	10
279766	429	8
279766	1395	6
279849	1	15
279849	109	12
279844	1	18
279844	83	20
279844	207	18
279855	1	10
279858	1	10
279856	1	10
279860	1	10
279865	1	18
279865	27	8
279850	1	12
279850	17	10
279851	1	10
279859	1	10
279848	1	18
279848	22	15
279853	1	10
199876	1	10
199876	344	10
200244	1	10
200244	612	10
200245	1	10
200253	1	10
200368	1	10
200369	1	10
200369	13	10
200381	1	0
200381	3	10
200519	1	10
200519	528	10
200602	1	10
200961	1	10
205215	1	10
206513	1	10
206906	1	10
276384	1	7
276357	1	15
276357	36	12
276361	1	12
276361	464	10
276349	1	15
276363	1	10
276363	503	7
276347	1	15
276352	1	15
276355	1	15
276362	1	10
276360	1	12
276350	1	15
276351	1	15
277216	1	20
277219	1	18
277217	1	20
277218	1	20
277218	10	18
277220	1	18
277220	29	15
278050	1	20
278062	1	20
278690	1	18
278986	1	18
279356	1	18
279405	1	8
279403	1	18
279841	1	18
279841	75	15
279841	748	12
279841	957	10
279841	1204	8
279840	1	18
282536	1	25
282515	1	25
282521	1	25
282498	1	25
282508	1	25
282523	1	25
282708	1	20
282712	1	20
282712	44	20
282707	1	20
282709	1	20
282710	1	20
282711	1	20
282905	1	20
282906	1	20
284014	1	10
284006	1	20
284006	105	10
284006	162	8
284006	190	10
284025	1	20
284025	155	20
284041	1	8
284036	1	15
284036	140	12
284037	1	12
284037	7	10
284037	258	8
284038	1	8
284042	1	8
284044	1	8
284035	1	20
284035	74	18
284035	278	15
284039	1	8
284029	1	20
284029	39	20
284040	1	8
282310	1	25
282304	1	25
282377	1	25
282377	20	20
282399	1	25
282403	1	25
282412	1	18
282408	1	25
282467	1	25
282842	1	20
282842	14	20
282842	40	20
283049	1	20
283049	81	20
283049	88	20
283059	1	18
283059	69	15
283059	296	12
283050	1	20
283050	38	20
283050	134	20
283067	1	12
283067	9	10
283067	47	8
283067	60	8
283067	80	8
283067	102	8
283067	145	8
283067	152	8
283052	1	20
283052	104	18
283305	1	20
283307	1	18
283307	158	15
283307	297	12
283306	1	20
283306	133	20
283306	278	18
283308	1	12
283308	93	10
283308	360	8
283478	1	20
283478	229	20
283478	324	25
283478	328	20
283478	428	18
283478	589	15
283478	836	12
283548	1	20
283548	149	10
283548	159	12
283934	1	20
283934	33	20
283934	271	18
283934	410	15
283934	698	12
283934	842	10
283934	1075	8
283933	1	20
283933	100	20
283933	119	20
283964	1	20
283964	3	8
283946	1	20
283946	133	20
283946	263	20
283946	425	18
283946	583	15
283946	826	12
283946	1012	10
283946	1225	8
282923	1	10
282923	219	8
282924	1	8
282920	1	15
282921	1	15
282921	84	12
282917	1	20
282917	117	20
282918	1	20
282918	14	18
282919	1	18
282919	101	15
282919	106	18
282919	140	15
282922	1	12
282922	123	10
283041	1	20
283041	134	20
283042	1	20
283042	4	15
283042	8	20
283040	1	20
283040	50	18
283040	53	20
283043	1	20
283043	57	18
283043	193	15
283043	434	12
283039	1	20
283163	1	20
283340	1	20
283820	1	20
283820	51	10
283820	1531	8
283818	1	20
283835	1	6
283830	1	8
283830	414	6
283834	1	6
283877	1	15
283877	64	12
283877	249	10
283877	503	8
283877	1346	6
283878	1	6
283876	1	20
283876	205	20
283876	402	18
283876	554	15
283142	1	20
283108	1	20
283151	1	20
283136	1	20
283122	1	20
283358	1	15
283358	57	12
283358	213	10
283358	515	8
283353	1	20
283353	3	20
283353	167	20
283353	309	20
283353	461	18
283353	656	15
283359	1	8
283359	372	6
283884	1	20
283884	428	20
283884	618	18
283885	1	18
283885	24	15
283885	249	12
283885	444	10
283885	740	8
283885	1482	6
283920	1	20
284043	1	8
284068	1	20
284068	31	1
284068	38	1
284068	53	20
284066	1	20
282374	1	25
282374	36	20
282577	1	25
282567	1	25
282544	1	25
282585	1	25
282586	1	25
283270	1	20
283270	76	20
283270	154	20
283270	304	20
283270	498	18
283270	663	15
283270	912	12
283270	1096	10
283270	1381	8
283270	1906	6
283283	1	6
283283	1315	4
283451	1	20
283453	1	20
283453	154	20
283453	163	20
283453	302	20
283453	491	18
282189	1	25
282196	1	25
282193	1	25
282205	1	25
282218	1	25
282659	1	25
282661	1	25
282663	1	25
282663	223	1
282663	233	1
282663	1100	20
282660	1	25
282662	1	25
282662	37	18
282731	1	20
282731	118	20
282735	1	12
282735	70	10
282735	308	8
282735	1133	6
282730	1	20
282730	90	20
282730	126	20
282732	1	20
282734	1	15
282734	207	12
282733	1	20
282733	29	18
282733	172	15
282814	1	12
282814	153	10
282814	405	8
282814	1116	6
282796	1	20
282799	1	20
282800	1	20
282800	80	20
282800	143	18
282800	235	15
282800	242	18
282800	256	15
282800	312	18
282807	1	18
282807	35	15
282807	243	12
283469	1	20
282599	1	25
282603	1	25
282601	1	25
282601	9	12
283034	1	20
283034	9	25
283034	16	20
283034	18	20
283034	22	20
283034	24	18
283034	28	15
283034	31	12
283034	35	10
283034	40	8
283034	44	8
283034	47	8
283034	55	8
283034	62	8
283034	67	8
283034	74	6
283034	77	4
283413	1	6
283407	1	20
283407	88	20
283408	1	20
283408	90	20
283408	239	20
283408	440	18
283408	609	15
283408	883	12
283408	1073	8
283408	1085	10
283408	1295	8
283408	2122	6
283415	1	6
283416	1	6
283414	1	6
283623	1	20
283642	1	20
283644	1	20
283618	1	20
283630	1	20
283617	1	20
283634	1	20
283636	1	20
283639	1	20
283640	1	20
283646	1	20
283648	1	20
283628	1	20
283633	1	20
283635	1	20
283643	1	20
283645	1	20
283620	1	20
283676	1	20
283685	1	10
283685	7	8
283685	49	4
283685	57	4
283685	74	1
283685	76	1
283685	95	1
283685	98	1
283685	100	1
283685	102	1
283685	157	1
283685	166	1
283685	213	1
283685	256	10
283685	294	8
283680	1	20
283680	22	18
283672	1	20
283675	1	20
283681	1	18
283681	10	15
283682	1	15
283682	175	12
283682	346	10
283861	1	20
283865	1	20
283865	143	20
283865	324	18
283865	484	15
283865	722	12
283865	932	10
283865	1166	8
283858	1	20
283859	1	20
283860	1	20
283863	1	20
274978	1	10
