254790	1	60
254790	3	5
254833	1	60
254833	126	6
254833	317	5
254879	1	60
254879	33	5
254905	1	60
254905	39	6
254906	1	6
254913	1	60
254914	6	60
256674	1	4
257461	1	60
257461	35	4
257461	38	15
257461	69	4
257804	1	3
257804	6	4
257816	1	4
258159	1	4
258312	1	4
258313	1	4
258319	1	1
259464	1	1
259453	1	1
259456	1	1
259457	1	1
259458	1	1
260627	1	60
260627	4	15
260627	108	21
260627	128	15
260627	213	21
260627	575	15
253946	1	1
253952	1	1
254229	6	60
254380	8	60
254380	9	2
254415	1	1
254416	1	262139
254416	40	3
254608	1	5
254608	515	3
254608	656	2
257612	1	1
257613	1	4
260478	1	1
272612	1	0
272617	1	0
272674	1	0
272674	21	1
272761	1	1
251161	1	0
251167	1	2
251252	1	2
251493	1	0
251493	6	4
251499	1	4
251521	1	4
251548	1	0
251548	28	4
254280	1	1
254283	5	60
254283	9	1
254284	43	1
254437	1	60
254437	4	262139
254437	54	2
254437	65	3
254450	1	3
254458	1	3
256730	1	1
257487	1	60
257487	13	4
257821	1	4
257968	1	60
257968	7	4
257968	11	60
257968	12	4
258129	1	60
258129	17	4
258152	1	60
258155	1	60
258155	14	4
258156	1	1
258157	1	4
258210	1	1
258213	1	60
258213	12	4
258287	1	4
258434	1	4
258432	1	4
258440	1	4
258442	1	1
258443	1	4
258444	1	4
258446	1	4
258448	1	4
258656	1	15
258656	70	4
258690	1	1
259721	1	3
272760	1	0
272760	11	1
272774	1	0
272774	10	1
272771	1	0
272771	4	1
272775	1	1
272775	119	1
272775	125	1
272776	1	1
272776	37	1
272776	48	1
272829	1	2
272828	1	3
272828	50	2
272827	1	0
272827	12	3
256925	1	15
256926	1	15
256926	41	4
260571	1	15
260568	None	1
260572	1	15
260576	1	15
260577	1	15
260570	1	15
260575	1	15
272922	1	0
272922	19	1
272924	1	1
272927	1	1
272927	11	1
272927	64	1
272929	None	1
272930	1	3
272930	17	4
272930	156	0
272930	160	4
272921	1	0
272923	1	1
272925	None	1
272926	1	1
272936	1	3
272935	1	0
272935	5	3
272935	30	0
272935	66	3
273017	1	0
273017	11	3
273063	1	3
273012	1	0
273012	5	0
273013	1	3
273136	1	0
273136	4	3
251163	1	2
251562	1	4
251604	1	0
251604	16	4
251633	5	65537
251635	31	65537
256865	1	4
256866	1	4
256867	1	4
256867	26	3
256867	55	4
256867	56	3
256868	1	3
256868	382	4
256869	1	4
256924	1	60
256924	11	15
257682	1	4
257682	75	3
257751	1	4
258174	1	60
258174	22	4
258174	161	1
258175	1	4
258177	1	4
258211	1	60
258214	1	4
258215	1	4
258282	1	60
272907	1	0
272907	12	1
272908	1	0
272908	5	1
273006	1	0
273006	4	0
273138	1	3
273150	1	0
273150	4	3
273150	40	4
273143	1	1
273145	1	1
273142	None	1
273146	1	3
273158	1	4
273158	17	3
273158	32	4
273276	1	0
253887	43	1
254279	1	60
254279	5	1
254279	9	60
254279	10	1
256842	1	60
256842	6	4
258742	1	15
258749	1	15
258750	1	15
258959	1	60
258959	12	4
272681	1	0
272681	11	60
272682	1	0
272680	1	1
272680	13	3
272728	1	0
272728	58	0
272728	104	1
272729	1	1
272746	1	0
272747	1	0
272748	1	0
272748	9	1
272750	1	1
272762	1	1
272786	1	1
272787	1	1
272782	1	0
272782	48	1
272785	1	1
272784	1	1
272783	1	1
272798	1	1
272798	90	1
272791	1	0
272791	21	1
272809	1	0
272814	1	0
272818	1	2
272807	1	0
272812	1	3
272816	1	2
272811	1	3
272815	1	0
272815	6	2
254282	6	60
254282	9	1
254289	1	1
256935	1	60
256935	2	4
256936	1	4
256941	1	4
257024	1	60
257398	1	4
257399	1	4
257460	1	60
257490	1	4
257529	1	60
257529	4	4
257529	11	60
257529	12	4
257598	1	4
257599	2	4
258335	1	4
258403	1	60
258403	9	4
258403	18	60
258403	19	4
258423	1	4
258425	1	4
258427	1	4
258428	1	4
258703	1	15
258703	262	4
260583	1	60
260583	3	15
254230	1	1
254230	21	1
254232	1	1
256629	1	4
256630	1	4
256672	1	60
256672	7	4
256673	1	4
251522	1	4
251523	1	1
251559	1	0
251559	65	1
251560	1	4
251561	1	4
251612	1	0
251612	11	4
251636	1	65537
251640	1	1
254293	1	1
254294	1	1
254308	1	1
254310	1	1
254362	1	2
257027	1	4
257397	1	4
257400	1	4
257824	1	4
258310	1	1
272023	1	0
251121	1	65537
253947	1	1
253948	1	1
253950	1	1
253954	1	60
253954	6	1
254226	18	1
254290	1	1
254292	1	1
254306	1	60
254306	7	1
254306	10	60
254306	11	1
254307	1	1
257805	1	4
259636	1	60
259636	2	15
259636	6	60
259636	7	15
259636	51	4
259637	1	60
259637	4	4
259686	1	4
259683	1	15
259685	1	15
259685	400	4
259682	1	15
259681	1	60
259681	5	15
260533	1	4
260534	1	4
260538	1	4
260532	1	15
260532	686	4
260510	1	262139
260510	19	60
260528	1	60
260540	1	4
260536	1	4
260507	1	262139
260541	1	4
260527	1	60
260593	1	60
260593	3	15
260593	7	60
260593	8	15
260727	1	60
260722	None	1
260723	None	1
251637	1	65537
251638	1	0
251638	6	6
251638	8	0
251638	9	6
251643	1	6
251721	1	30
251721	3	6
251721	90	2
251721	98	3
251864	1	1
251864	20	1
252126	5	30
252126	6	30
252126	31	6
253886	8	1
253886	11	1
253888	76	1
253890	104	1
253890	161	1
253890	204	2
253890	240	3
253890	253	1
253943	1	60
254368	1	2
254453	1	3
254530	1	60
254530	4	5
254530	6	60
254530	7	5
254532	1	5
254852	1	60
254852	55	5
259626	1	60
259626	98	3
259811	1	4
259820	1	4
259820	16	15
259820	18	4
259820	19	15
259820	87	4
259818	1	4
259821	1	4
259810	1	15
259810	112	4
259810	227	1
259812	1	4
259813	1	4
259809	1	15
259817	1	4
259822	1	4
259822	75	15
259822	232	4
259822	233	15
251164	7	2
251251	1	30
251251	2	2
253944	1	60
253944	10	1
254231	1	1
254607	1	60
254607	6	5
256734	1	4
256843	1	4
257645	1	4
257825	1	4
258125	1	60
258692	1	15
258694	1	15
258705	1	4
258706	1	4
258712	1	4
258713	1	4
258714	1	4
258741	1	15
259884	1	60
259884	11	4
259884	41	15
259884	82	4
259884	115	15
259891	1	4
259890	1	15
259890	23	4
251781	1	30
251781	16	6
252102	1	30
252102	3	6
252116	1	6
252116	34	6
252116	43	1572834
252116	91	6
254459	1	3
254512	1	5
256727	1	4
256796	1	1
256798	1	4
257025	1	1
258445	1	4
258655	1	60
258655	6	4
258655	10	15
258702	1	15
251642	1	6
251883	1	30
251883	6	6
251883	70	4
253951	5	1
254227	1	1
254285	65	1
254285	296	1
254316	127	1
254319	53	1
254331	6	1
254332	12	60
254332	14	262139
254332	73	1
254341	1	2
254342	1	2
254349	6	262139
254349	44	2
254367	1	2
254451	1	3
254454	1	3
254455	1	1
254456	1	3
254457	1	3
254511	1	60
254511	7	5
254907	1	6
256677	1	4
256728	1	4
256729	1	4
256733	1	1
257393	1	1
257395	1	4
257396	1	4
257531	1	4
257611	1	4
257614	1	4
257644	1	4
257732	2	3
257748	1	4
257818	1	1
257969	1	4
258126	1	1
258136	1	4
258311	1	1
258745	1	15
260373	1	3
260371	1	1
260366	1	60
251496	1	4
251496	227	2
251496	243	4
251497	1	4
251498	1	4
251500	1	4
257721	1	60
257721	23	3
257722	1	3
257723	1	3
257735	1	60
257735	3	3
257735	4	60
257735	5	3
257750	1	1
257819	1	4
257822	1	4
259857	1	60
259857	3	15
259861	1	15
259862	1	15
259862	271	4
259859	1	1
251162	32	0
251162	46	6
251162	52	1
251168	1	2
251244	1	0
251244	8	2
251491	1	0
251716	1	30
254309	1	1
254313	10	1
254314	42	1
254315	72	1
254317	1	1
254318	24	1
254340	1	60
254340	7	1
254340	13	262139
254340	42	2
256675	1	4
256676	1	4
256725	1	60
256725	3	4
256801	1	4
257026	1	1
257394	1	4
257823	1	4
258158	1	4
258320	1	4
258334	1	1
258426	1	4
260426	1	15
260427	1	15
260427	58	4
260439	1	4
260425	1	15
260424	1	15
260422	1	15
260433	1	4
260431	1	4
260423	1	15
260608	None	1
273408	1	1
273408	4	1
273410	1	3
273402	1	0
273402	10	15
273402	46	21
273402	59	15
273402	79	4
273402	190	15
273402	255	21
273403	1	4
273405	1	4
273407	None	1
273409	1	3
273412	1	3
273406	1	4
273411	1	3
273404	1	4
273554	1	0
273554	63	15
273555	1	15
273730	1	4
273730	287	3
273730	295	4
273730	1491	3
273725	1	0
273725	7	4
273725	109	15
273725	1224	4
273728	1	4
274317	1	1
274315	1	30
274319	1	30
274314	1	30
274316	1	30
274318	1	30
274373	1	30
274421	1	30
274422	1	30
274422	363	21
274422	1159	15
274422	1734	4
274420	1	30
274958	1	6
274959	1	6
274953	1	21
274953	11	6
274954	1	21
274954	31	6
274955	1	6
274957	1	21
274957	4	6
274957	11	0
274957	14	6
275832	1	30
275832	202	24
275846	1	1
275834	1	24
275834	170	21
275835	1	21
275841	1	15
275837	1	15
275828	1	30
275836	1	21
275836	769	15
275829	1	30
275831	1	30
275833	1	24
275838	1	15
275847	1	15
275847	671	12
274249	1	30
274251	1	30
274251	273	21
274250	1	30
274278	1	30
274334	1	0
274334	5	30
274336	1	30
274344	1	0
274344	6	21
274344	35	15
274344	398	4
274335	1	30
274339	1	21
274345	1	4
274337	1	30
274338	1	30
274338	38	21
274382	1	30
274889	1	30
274917	1	21
274909	1	21
274904	1	21
274895	1	21
274888	1	1
274913	1	21
274905	1	21
274894	1	30
274999	1	21
274999	218	15
274998	1	21
274998	61	21
275000	1	15
275001	1	15
275001	1086	12
275021	1	21
275030	1	21
275035	1	21
275034	1	21
275062	1	1
275059	1	21
275059	67	21
275059	89	30
275068	1	21
275068	826	15
275064	1	21
275074	1	15
275067	1	21
275067	288	21
275073	1	21
275073	8	15
275063	1	1
275063	10	1
275066	1	21
275134	1	21
275865	1	30
275865	42	24
273394	None	1
273502	1	0
273502	15	4
273503	1	4
273504	1	0
273523	1	3
273514	1	3
273514	21	3
273526	1	3
273526	8	3
273537	1	3
274102	1	1
274104	1	3
274104	36	3
274103	1	1
274106	1	3
274107	1	1
274108	1	3
274105	1	3
275124	1	21
275124	85	21
275124	309	21
275125	1	21
275125	757	15
275337	1	21
275319	1	21
275319	142	24
275319	280	21
275326	1	21
275338	1	21
275338	256	15
275370	1	21
275370	65	24
275371	1	24
275371	36	21
275752	1	1
275767	1	1
275757	1	30
275763	1	30
275774	1	24
275774	232	21
275765	1	1
275773	1	1
275772	1	24
275777	1	21
275768	1	24
275776	1	21
275778	1	21
275782	1	30
275782	4	15
275759	1	1
275761	1	30
275769	1	24
273424	1	0
273424	6	3
273425	1	0
273425	8	4
273425	54	3
273425	61	4
273426	1	4
273589	1	3
273592	1	3
273590	1	3
274748	1	0
274799	1	0
274733	1	0
274656	None	1
274806	1	30
274806	11	4
274806	14	1
275310	1	15
275310	1932	12
275308	1	21
275309	1	21
275309	380	15
273286	1	0
273295	1	1
273301	1	4
273302	1	4
273290	1	0
273290	4	4
273290	13	3
273291	1	3
273292	1	3
273296	1	3
273296	14	4
273287	1	0
273287	44	4
273294	None	1
273299	1	4
273443	1	0
273443	25	15
273440	1	0
273440	5	0
273447	1	15
273446	1	15
273450	1	4
273433	1	3
273442	1	0
273442	5	0
273445	1	1
273432	None	1
273449	1	0
273449	7	4
273429	1	3
273444	None	1
273448	1	15
273448	379	4
273492	1	0
273492	30	30
273492	41	1
273492	55	4
273493	1	0
273493	4	4
273494	1	4
274083	1	1
274081	1	1
274303	1	30
274877	1	30
274877	5	0
274877	69	1
274945	1	6
274943	1	6
274982	1	1
274985	1	1
274983	1	1
274990	1	21
274990	4	21
274990	15	21
275045	1	1
275046	1	1
275260	1	1
275189	1	21
275234	1	21
275284	1	21
275285	None	1
275283	1	21
275291	1	21
275291	278	15
275282	1	24
275282	141	21
275290	1	21
275292	1	15
275286	1	21
275289	1	21
275293	1	15
275311	1	12
275375	1	21
275375	81	24
275375	250	21
275375	1181	15
275376	1	15
275376	1971	12
275376	3014	6
274094	1	4
274172	1	0
274172	7	30
274172	55	21
274169	1	1
274171	1	0
274170	1	0
274170	7	1
274197	1	0
274197	4	21
274200	1	0
274200	5	21
274200	74	15
274198	1	21
274198	115	30
274199	1	30
274199	14	21
274236	1	0
274236	8	30
274243	1	0
274240	1	30
274239	1	30
274244	1	0
274244	15	15
274244	152	4
274241	1	30
274241	442	21
274241	853	15
274968	1	21
274968	8	30
274968	270	21
274968	277	30
274968	314	21
274971	1	15
274970	1	15
274966	1	21
274966	32	6
274966	61	21
274967	1	21
274969	1	21
274969	115	15
275451	1	1
275420	1	21
275588	1	21
275588	3	15
275601	1	21
275603	1	21
275674	1	24
275764	1	30
275764	19	24
275766	1	24
275781	1	30
275781	4	21
275781	15	15
275783	1	15
275783	1256	12
275758	1	1
275760	1	1
273373	1	0
273373	11	4
273385	1	0
273385	7	0
273383	None	1
273386	1	0
273386	4	0
274080	1	1
274079	1	0
274079	8	1
274125	1	0
274161	1	15
274159	1	15
274157	1	0
274157	20	30
274157	355	0
274157	359	21
274157	484	15
274160	1	15
274282	1	30
274284	1	30
274283	1	30
274285	1	1
274286	1	30
274440	1	30
274441	1	30
274441	333	21
274443	1	21
274442	1	21
274868	1	30
274861	1	30
274880	1	1
275476	1	21
275658	1	24
275658	211	21
275658	232	24
275656	1	21
275656	113	24
275657	1	24
275657	9	30
275657	49	24
275659	1	24
274087	1	1
274088	1	1
274142	1	15
274147	1	1
274146	1	0
274146	4	15
274387	1	30
274388	1	30
274388	756	21
274388	1755	15
274981	1	1
274980	1	1
275344	1	21
275344	77	24
275345	1	21
194076	1	1
194076	564	1
195947	1	0
195947	3	1
195948	1	1
196351	1	1
196351	37	1
196351	50	1
196364	1	1
196364	815	1
200229	1	1
200229	85	1
202973	1	1
202973	1312	1
205777	1	1
206605	1	1
208352	1	1
208395	1	1
276453	1	30
276453	42	15
276454	1	30
276454	8	15
276457	1	15
276437	1	30
276437	240	24
276437	762	21
276437	1882	15
276458	1	15
276458	233	12
276455	1	15
276456	1	15
278308	1	35
278308	325	30
278308	986	24
278308	1330	21
278310	1	21
278310	674	15
278309	1	21
279716	1	30
279716	30	24
279716	353	21
279716	1271	15
279715	1	40
279715	197	35
279715	531	30
280239	1	1
280235	1	1
280236	1	1
280238	1	1
280241	1	40
280249	1	30
280249	58	24
280249	406	21
280249	1268	15
280233	1	1
280240	1	1
280242	1	40
280242	10	44
280242	86	40
280242	242	35
280242	510	30
280251	1	15
280234	1	1
281565	1	40
281624	1	40
281626	1	40
281632	1	40
281639	1	40
281639	23	35
281639	32	40
281639	111	35
281641	1	40
281641	3	35
281641	24	30
281641	33	24
281641	36	30
281641	139	24
281636	1	40
281636	5	30
281637	1	1
281638	1	30
281638	18	35
281638	21	40
281674	1	50
281674	11	44
281674	15	50
281689	1	1
281671	1	1
281693	1	44
281693	11	40
281693	194	35
281693	420	30
281693	615	24
281693	900	21
281693	1721	15
281685	1	1
281658	1	1
281686	1	44
281663	1	50
281663	116	44
281663	121	50
281662	1	50
281691	1	44
281680	1	50
281680	9	44
281659	1	1
281727	1	21
281727	526	15
281727	1529	11
281726	1	24
281726	42	21
281707	1	50
281707	99	44
281707	102	50
281707	151	44
281707	156	50
281707	193	44
281707	322	40
281707	475	35
281707	684	30
281707	873	24
204100	1	1
204100	144	1
204545	1	1
204545	94	1
205667	1	1
205667	202	1
207328	1	1
207889	1	1
207889	33	1
276586	1	21
276586	24	15
276581	1	30
276581	330	24
276582	1	24
276582	443	21
276583	1	21
276584	1	1
276585	1	21
276587	1	15
276835	1	1
276837	1	12
276831	1	30
276831	125	24
276831	665	21
276831	1485	15
276834	1	15
276834	411	12
276824	1	30
276832	1	30
276832	6	15
276836	1	12
276830	1	1
279080	1	40
279080	80	11
279588	1	40
279588	206	35
279588	208	40
279588	281	35
279588	464	30
279588	706	24
279588	990	21
281588	1	40
281588	17	11
281589	1	1
281731	1	50
281797	1	50
281797	185	44
281797	386	40
281797	564	35
281797	776	30
281797	984	24
281797	1211	21
281797	2169	15
281824	1	1
281885	1	50
281964	1	1
281976	1	40
281976	203	35
281976	311	30
281976	531	24
281976	710	21
281976	1077	15
281976	1111	11
281976	1119	15
281976	1242	21
281976	1362	15
281976	2058	11
281975	1	50
281975	27	44
281975	166	40
281974	1	50
281974	16	40
190662	1	1
191202	1	1
193334	1	1
193917	1	1
195014	1	1
195015	1	1
195749	1	1
200091	1	0
200091	2	1
200091	701	1
206207	1	0
206207	3	1
206207	148	1
206550	1	1
206550	76	1
207316	1	1
276326	1	1
276318	1	24
276318	350	21
276317	1	24
276327	1	30
276327	56	21
276315	1	30
276315	126	24
276870	1	40
276870	78	35
276870	137	30
276870	488	24
276870	1040	21
276870	1803	15
276864	1	40
276935	1	40
276935	81	35
276935	265	30
276935	483	24
276935	496	30
276935	604	24
278273	1	40
278273	67	35
278273	84	30
278274	1	30
281010	1	40
281117	1	40
281117	10	1
281393	1	40
281393	8	1
281419	1	40
281419	8	1
281439	1	1
281382	1	40
281382	6	1
281443	1	1
281454	1	40
281454	3	1
281398	1	40
281398	4	1
281403	1	40
281403	11	1
282033	1	50
282033	81	44
282033	111	44
282033	115	40
282034	1	40
282035	1	40
282035	12	35
282035	34	30
282037	1	40
282037	15	35
282037	67	40
282037	203	35
282037	426	30
282037	645	24
282037	865	21
282037	1490	15
282036	1	1
194314	1	1
195644	1	1
205627	1	1
205627	123	1
276659	1	30
276659	3	15
276655	1	21
276655	828	15
276653	1	30
276653	74	24
276653	541	21
276886	1	1
276922	1	40
276923	1	40
277096	1	30
277096	8	24
277096	556	21
277096	1319	15
277093	1	40
277093	60	35
277094	1	35
277094	253	30
277112	1	40
277112	38	15
277305	1	40
277305	116	35
277305	319	30
277305	681	24
279298	1	40
279296	1	1
279289	1	40
279297	1	40
280186	1	40
280194	1	40
280194	14	21
280191	1	35
280191	205	30
280191	406	24
280191	728	21
280187	1	40
280187	16	44
280190	1	1
280188	1	44
280188	66	40
280188	219	35
280182	1	1
280181	1	1
280192	1	1
280193	1	1
280185	None	1
280189	1	1
282092	1	50
282092	4	50
282092	96	44
282092	111	44
282092	248	40
282092	429	35
282092	598	30
282092	815	24
282092	1074	21
282092	1836	15
282175	1	50
282175	10	44
282194	1	50
282190	1	50
282181	1	50
282184	1	50
282188	1	1
195913	1	1
195930	1	1
195930	150	1
195936	1	1
196131	1	1
196497	1	1
198022	1	0
198022	73	1
198022	101	1
198022	109	1
198022	113	1
202205	1	1
202205	93	1
202207	1	1
202208	1	1
202209	1	1
202237	1	1
202237	102	1
202237	986	1
205310	1	1
205310	75	1
205718	1	1
205718	168	1
205718	703	1
206088	1	1
206088	93	1
206102	1	1
206102	60	1
206102	64	1
206102	83	1
206188	1	1
206868	1	1
206869	1	1
207885	1	1
277125	1	40
277127	1	35
277127	13	30
277127	356	24
277127	855	21
277126	1	40
277126	31	35
277580	1	1
277559	1	40
277981	1	21
277981	85	12
277992	1	6
277991	1	40
277991	7	6
278239	1	40
278239	79	30
278239	381	24
278240	1	24
278240	65	21
278240	778	15
278315	1	35
278315	233	30
278315	488	24
278572	1	40
278820	1	40
278820	22	35
278820	25	40
278820	106	35
278820	411	30
278820	645	24
278820	956	21
278821	1	21
278816	1	40
191419	1	1
191419	36	1
193123	1	1
195099	1	1
195110	1	1
195112	1	1
195113	1	1
195647	1	1
195748	1	1
198955	1	1
198955	351	1
199409	1	1
199409	616	1
200152	1	1
200160	1	1
200161	1	1
200174	1	1
200176	1	1
200177	1	1
200525	1	1
200525	749	1
200599	1	1
200600	1	1
200600	642	1
201611	1	1
201611	132	1
202092	1	1
202301	1	1
202303	1	1
202305	1	1
202314	1	1
202314	190	1
202328	1	1
202328	136	1
202331	1	1
202332	1	1
202333	1	1
202389	1	1
202389	127	1
202389	211	0
202469	1	1
202469	141	1
202471	1	1
202472	1	1
202476	1	1
202477	1	1
202478	1	1
202478	230	1
202504	1	1
202504	83	1
202504	735	1
202869	1	0
203833	1	1
203834	1	1
203835	1	1
203835	318	1
203853	1	1
203853	122	1
203894	1	1
203894	86	1
203894	485	1
203909	1	0
203909	3	1
203909	192	1
203981	1	1
203986	1	1
204803	1	1
205236	1	1
205236	3	1
205614	1	1
205683	1	1
205683	76	1
206897	1	1
206897	29	1
206901	1	1
206940	1	1
206940	596	1
207099	1	1
207099	150	1
207099	923	1
207100	1	1
207214	1	0
207214	14	1
207214	151	1
207217	1	1
207222	1	1
276525	1	30
276525	89	24
276525	620	21
276525	1490	15
276527	1	15
276528	1	15
276528	328	12
276808	1	24
276808	512	21
276811	1	21
276811	216	15
276811	2170	12
276807	1	30
276807	158	24
276810	1	21
278072	1	40
278167	1	40
278167	86	24
278167	431	21
278167	1098	15
278175	1	40
278175	4	15
278175	63	12
193093	1	1
193093	16	1
194116	1	1
194428	1	1
195016	1	1
195016	440	1
195265	1	1
196099	1	1
199868	1	1
199875	1	1
199877	1	1
199960	1	1
199961	1	1
199961	188	1
199967	1	1
199973	1	1
200041	1	1
200041	652	1
201191	1	0
201191	7	1
201191	88	1
201191	140	1
201191	875	1
201676	1	1
201678	1	1
201708	1	1
201727	1	1
201727	78	1
203992	1	1
207488	1	1
207714	1	0
207714	4	1
207714	71	1
208307	1	1
208307	11	1
208307	630	1
278817	1	40
278819	1	40
278822	1	21
278822	218	15
278822	1472	11
278822	1504	6
279207	None	1
279205	None	1
279479	1	40
279479	32	30
279479	124	11
279488	1	21
279487	1	21
279487	36	21
279487	38	21
279487	55	21
279489	1	21
279484	1	21
279480	1	1
279480	4	1
279546	1	40
279557	1	40
279539	1	40
279538	1	1
279538	5	1
279553	1	40
193922	1	1
194051	1	1
195109	1	1
195111	1	1
195115	1	1
195163	1	1
195664	1	1
195664	2	1
195747	1	1
195747	6	1
195747	7	1
195927	1	1
196107	1	1
196197	1	0
196197	3	1
196199	1	1
196203	1	1
196353	1	1
196458	1	1
199703	1	1
199739	1	0
199739	3	1
199745	1	1
199751	1	1
199752	1	1
199753	1	1
199754	1	1
199754	11	1
200187	1	1
200228	1	1
201807	1	1
201808	1	1
201810	1	1
202876	1	0
202909	1	0
207515	1	0
207515	3	1
207515	213	1
207515	1072	1
277202	1	40
277202	46	15
277194	1	35
277194	336	30
277194	711	24
277194	1275	21
277194	2028	15
277201	1	1
277863	1	40
277861	1	12
277860	1	1
277862	1	12
277864	1	40
279543	1	40
279584	1	40
279667	1	40
279667	107	44
279667	145	40
279667	310	35
279667	584	30
279667	785	24
279691	1	40
279691	94	44
279694	1	44
279694	44	40
279694	248	35
279694	524	30
279694	745	24
279694	1036	21
279694	1913	15
280952	1	1
280953	1	1
280958	1	1
280960	1	1
280946	1	1
195655	1	1
199804	1	1
199804	561	1
200042	1	1
200049	1	1
200049	320	1
201803	1	1
201805	1	1
203742	1	1
204564	1	1
204564	436	1
204566	1	1
205214	1	1
205233	1	0
205233	5	1
205235	1	1
205599	1	1
205834	1	1
275963	1	30
278337	1	35
278322	1	35
279794	1	40
279794	79	44
279794	157	40
279794	341	35
279794	628	30
279794	870	24
280955	1	40
280938	1	1
280948	1	1
280947	1	1
281084	1	1
281085	1	40
281165	1	1
281155	1	1
281166	1	40
281166	5	1
281167	1	40
190688	1	1
190688	4	1
200178	1	1
201005	1	1
201005	49	1
201097	1	1
201097	500	1
201113	1	1
201114	1	1
201173	1	1
201174	1	1
201174	415	1
201176	1	1
201624	1	1
201624	176	1
201625	1	1
201625	738	1
201692	1	1
201692	130	1
201705	1	1
201705	79	1
201706	1	1
204600	1	1
204797	1	1
205193	1	0
205193	4	1
205193	61	1
205193	65	1
205193	100	1
205193	805	1
205217	1	1
205237	1	1
205238	1	1
205238	164	1
205303	1	1
205303	38	1
205344	1	1
205344	377	1
205515	1	1
205515	84	1
206066	1	0
206066	6	1
206066	134	1
206304	1	1
206389	1	0
206389	4	1
206389	124	1
206390	1	1
206391	1	1
206446	1	0
206446	5	1
206446	147	1
206446	967	1
206466	1	1
206466	79	1
206476	1	1
206575	1	1
206744	1	1
206744	51	1
206859	1	0
206859	3	1
206859	162	1
206866	1	1
206866	216	1
207269	1	0
207269	4	1
207269	88	1
207273	1	1
207273	310	1
278018	1	30
278018	195	24
278018	702	21
278017	1	40
278017	429	35
278017	455	30
278769	1	40
278770	1	40
278770	42	35
278770	435	30
278770	645	24
279071	1	40
279071	70	21
279071	158	15
279073	1	1
279072	1	1
279115	1	40
279115	123	21
279115	216	24
279115	248	30
279115	295	35
279115	351	40
279115	564	15
279116	1	35
279116	163	30
279116	391	24
279654	1	40
279654	14	35
279654	306	30
279654	506	24
279654	831	21
279658	1	21
279658	173	15
279657	1	1
279653	1	40
279656	1	21
280361	1	1
280327	1	40
280330	1	40
280330	187	35
280330	470	30
280330	690	24
280363	1	40
280363	3	15
280363	5	21
280363	243	15
280349	1	24
280349	151	21
280349	471	15
280349	481	21
280364	1	15
280364	1202	11
280362	1	1
281090	1	40
281089	1	1
281088	1	1
281145	1	1
281164	1	1
281178	1	40
281178	22	1
281156	1	1
281189	1	1
281201	1	1
281242	1	1
281280	1	1
281222	1	1
281209	1	1
281285	1	1
281286	1	40
281286	5	1
281213	1	40
281213	17	1
281256	1	40
281256	14	1
281216	1	1
281200	1	1
281202	1	40
281265	1	1
281227	1	1
281207	1	1
281208	1	40
190462	1	1
190591	1	1
190591	12	1
191090	1	1
191090	56	1
193998	1	1
195013	1	1
195776	1	1
195776	426	1
195868	1	1
195915	1	1
195917	1	1
195919	1	1
195925	1	1
195970	1	0
195970	2	1
200991	1	1
200991	550	1
201200	1	1
201200	157	1
201229	1	1
201229	54	1
201658	1	1
201658	3	1
201668	1	1
201668	107	1
201671	1	1
201671	559	1
201679	1	1
203991	1	1
203994	1	1
204553	1	1
205111	1	0
205111	4	1
205111	89	1
205111	92	1
205111	114	1
205611	1	1
205826	1	1
205826	85	1
205908	1	1
205921	1	1
205921	25	1
206258	1	1
206297	1	0
206297	4	1
206302	1	1
206302	35	1
206539	1	1
206939	1	0
206939	4	1
206939	34	1
207219	1	1
207219	4	1
207220	1	1
207371	1	1
207371	72	1
207397	1	1
207397	29	1
207397	32	1
207397	60	1
207477	1	1
207477	178	1
278270	1	40
278270	9	1
280226	1	40
280226	23	44
280384	1	44
280384	15	40
280385	1	40
280385	178	35
280385	466	30
280385	631	24
280385	1011	21
280385	2002	15
280383	1	40
280383	68	44
281231	1	40
281231	7	1
190492	1	1
191421	1	1
193928	1	1
194108	1	1
194108	821	1
194224	1	1
199862	1	1
199863	1	1
199864	1	1
199867	1	1
199867	87	1
200992	1	1
201115	1	1
201159	1	0
201159	4	1
201164	1	1
201168	1	1
201168	198	1
201554	1	1
201554	93	1
202000	1	0
202000	18	1
202084	1	1
202084	87	1
205519	1	1
205519	281	1
275918	1	21
275920	1	21
275920	13	15
275923	1	15
275911	1	30
275911	259	24
275912	1	24
275912	261	21
275931	1	15
275913	1	21
275921	1	15
275922	1	1
276094	1	1
276093	1	1
276097	1	30
276097	107	24
276095	1	1
276092	1	30
276096	1	1
278287	1	1
278288	1	40
278288	74	30
278289	1	30
278290	1	30
279304	None	1
279311	None	1
280307	1	40
280307	41	1
190488	1	1
194270	1	1
195114	1	1
198207	1	1
198208	1	1
198210	1	1
198212	1	1
198212	264	1
198213	1	1
198215	1	1
200180	1	1
200185	1	1
200186	1	1
200188	1	1
200960	1	0
200960	8	1
200976	1	1
201815	1	1
202299	1	1
202299	165	1
203912	1	1
203912	382	1
206573	1	1
206594	1	1
206594	108	1
206596	1	1
206596	324	1
207279	1	1
207279	69	1
207279	902	1
207883	1	1
207884	1	1
207886	1	1
208302	1	1
208538	1	1
276186	1	30
276190	1	30
276183	1	30
276185	1	1
276181	1	30
278395	1	35
278406	1	40
278406	183	35
278406	477	30
278406	650	24
278406	1017	21
278957	1	40
278954	1	1
279887	1	40
279887	65	44
279887	78	40
279887	298	35
281103	1	40
281103	23	1
281130	1	40
281130	27	1
281131	1	1
281508	1	1
281508	89	1
281590	1	40
194790	1	1
195950	1	1
195950	849	1
196048	1	1
196094	1	1
196097	1	1
196201	1	1
196433	1	1
198214	1	1
198269	1	1
198271	1	1
198271	463	1
198346	1	1
198372	1	1
198485	1	1
198486	1	1
198487	1	1
198487	451	1
198522	1	1
198898	1	0
198898	3	1
198898	125	1
198941	1	1
199103	1	0
199103	56	1
199428	1	1
199428	595	1
201197	1	1
204511	1	1
204555	1	1
204599	1	0
204599	3	1
204599	143	1
204792	1	1
204792	5	0
205158	1	0
205158	3	1
205158	102	1
205311	1	1
205311	168	1
205339	1	1
205339	75	1
205618	1	1
206210	1	1
206210	486	1
206243	1	0
206243	3	1
206243	165	1
206243	909	1
206245	1	1
206246	1	1
206257	1	1
206301	1	1
206303	1	1
206478	1	1
206512	1	0
206512	2	1
206512	96	1
206512	883	1
208341	1	1
208341	407	1
208407	1	1
208428	1	1
208429	1	1
208487	1	1
208487	40	1
208540	1	1
208540	13	1
208541	1	1
208553	1	1
208686	1	0
208686	6	1
208686	148	1
277148	1	40
277148	84	30
277148	395	24
277168	1	40
277168	9	24
277168	267	21
277168	973	15
277166	1	40
277166	102	30
277166	193	24
278873	1	40
278873	76	30
278873	95	24
278874	1	24
278874	53	30
278874	197	24
278874	404	21
278875	1	21
278875	219	15
278875	224	21
278875	422	15
278875	424	21
278875	533	15
281546	1	1
281545	1	1
281545	11	1
281611	1	40
194535	1	1
196438	1	1
196438	521	1
196509	1	1
196531	1	1
198202	1	1
198211	1	1
198229	1	0
198229	5	1
198230	1	1
198249	1	1
198954	1	1
198969	1	1
198969	673	1
199008	1	1
199011	1	1
199318	1	1
199319	1	1
199319	686	1
199336	1	1
199356	1	1
199429	1	1
199435	1	1
199435	590	1
199436	1	1
199436	642	1
199563	1	1
199564	1	1
199565	1	1
199566	1	1
199567	1	1
199568	1	1
199569	1	1
199569	354	1
199570	1	1
199571	1	1
199572	1	1
199573	1	1
199574	1	1
199608	1	1
199608	602	1
199608	2267	1
199698	1	0
199698	10	1
199701	1	1
200601	1	1
202091	1	1
203780	1	1
203830	1	0
203830	5	1
203830	86	1
203832	1	1
204113	1	1
204113	183	1
204238	1	1
204238	38	1
205694	1	1
205694	94	1
207875	1	1
207875	2	1
207882	1	1
207882	38	1
208535	1	1
208551	1	1
208551	105	1
208551	290	1
208552	1	1
209089	1	1
209089	8	1
209089	35	1
209089	39	1
209106	1	1
209106	42	1
209109	1	1
209146	1	0
209146	3	1
209148	1	1
209151	1	1
209151	311	1
276494	1	30
276495	1	30
276502	1	15
276501	1	30
276501	354	24
276501	821	21
276501	1849	15
277180	1	40
277180	93	35
277180	147	30
277420	1	40
277420	73	30
277420	78	40
277420	84	35
277420	237	30
277847	1	40
278001	1	1
277998	1	1
281612	1	40
281613	1	40
281613	108	2
281613	123	2
281613	131	3
281613	141	44
281613	157	40
281613	170	35
281613	178	30
281613	185	24
281613	193	21
281613	200	15
281613	206	11
281613	212	6
281613	219	3
281613	228	2
281613	237	2
281613	242	2
281616	1	40
281616	3	2
281616	15	15
281616	228	2
281616	236	2
281616	251	2
281616	263	1
281616	271	2
281616	366	1
190490	1	1
190491	1	1
190592	1	1
190592	4	1
190593	1	1
190595	1	1
190661	1	1
190663	1	1
190678	1	1
190679	1	1
190702	1	1
190702	67	1
190703	1	1
190704	1	1
190705	1	1
190705	95	1
190706	1	1
190706	9	1
190707	1	1
190708	1	1
190906	1	1
190945	1	1
190949	1	1
190949	82	1
191043	1	1
191242	1	1
191247	1	1
191248	1	1
191264	1	1
191264	13	1
191264	76	1
191271	1	1
191276	1	1
191367	1	1
191367	3	1
191387	1	1
191387	3	1
191404	1	1
191406	1	1
191411	1	1
191694	1	1
191695	1	1
191697	1	1
191700	1	1
191701	1	1
191718	1	1
191720	1	1
191721	1	1
191723	1	1
191810	1	1
191811	1	1
191830	1	1
191832	1	1
191833	1	1
193112	1	1
193112	20	1
193112	54	1
193115	1	1
193116	1	1
193124	1	1
193124	8	1
193192	1	1
193192	31	1
193192	39	1
193192	51	1
193193	1	1
193207	1	1
193336	1	1
193336	608	1
193621	1	1
193833	1	1
193834	1	1
193898	1	1
193904	1	1
193905	1	1
194150	1	1
194151	1	1
194151	498	1
194153	1	1
194199	1	1
194210	1	1
194210	422	1
194223	1	1
194303	1	1
194304	1	1
194305	1	1
194427	1	1
194429	1	1
194429	26	1
194439	1	1
194455	1	1
194464	1	1
194479	1	1
194480	1	1
194480	312	1
194702	1	1
194704	1	1
194704	382	1
194711	1	1
194897	1	1
194914	1	1
194914	3	1
194914	17	1
194914	21	1
194914	25	1
194915	1	1
195147	1	1
195164	1	1
195165	1	1
195249	1	1
195251	1	1
191046	1	1
191056	1	1
191057	1	1
191057	10	1
191062	1	1
191226	1	1
191226	38	1
193999	1	1
194027	1	1
194052	1	1
195303	1	1
195304	1	1
195378	1	1
195378	3	1
195378	1301	1
195379	1	1
195399	1	1
195522	1	1
195523	1	1
195524	1	1
195527	1	1
195528	1	1
195529	1	1
195530	1	1
195540	1	1
195551	1	1
195552	1	1
195552	1307	1
195633	1	1
195634	1	1
195656	1	1
195757	1	1
195758	1	1
195773	1	1
195774	1	1
195775	1	1
195841	1	1
195929	1	1
195937	1	1
195963	1	1
196019	1	0
196019	3	1
196023	1	1
196027	1	1
196046	1	1
196047	1	1
196090	1	1
196095	1	1
196096	1	1
196098	1	1
196103	1	1
196122	1	1
196122	4	1
196135	1	1
196200	1	1
196202	1	1
196218	1	1
196239	1	1
196239	835	1
196249	1	1
196250	1	1
196251	1	1
196252	1	1
196334	1	0
196334	3	1
196349	1	1
196350	1	1
196352	1	1
196357	1	1
196359	1	1
196361	1	1
196362	1	1
196363	1	1
196430	1	0
196430	2	1
196431	1	1
196432	1	1
196437	1	1
196452	1	0
196452	2	1
196453	1	1
196453	805	1
196495	1	0
196495	2	1
196501	1	1
196508	1	1
198023	1	1
198040	1	1
198041	1	1
198044	1	1
198045	1	1
198046	1	1
198047	1	1
198048	1	1
198049	1	1
198050	1	1
198063	1	1
198116	1	1
190482	1	1
190538	1	1
190538	3	1
190539	1	1
190710	1	1
190456	1	1
190456	9	1
190459	1	1
190459	5	1
190465	1	1
190645	1	1
190646	1	1
190659	1	1
190659	71	1
190733	1	1
190734	1	1
190735	1	1
190736	1	1
190738	1	1
190782	1	1
190895	1	1
191424	1	1
191693	1	1
191834	1	1
191837	1	1
191839	1	1
191842	1	1
191845	1	1
191849	1	1
191856	1	1
191857	1	1
191858	1	1
191859	1	1
193541	1	1
193556	1	1
193557	1	1
193575	1	1
193835	1	1
193836	1	1
193878	1	1
193919	1	1
193925	1	1
194050	1	1
194050	701	1
194050	1777	1
194075	1	1
194115	1	1
194115	713	1
194117	1	1
194119	1	1
194120	1	1
194120	334	1
194225	1	1
194315	1	1
194317	1	1
194424	1	1
194533	1	1
194619	1	1
194627	1	1
194631	1	1
194643	1	1
194644	1	1
194691	1	1
194699	1	1
194712	1	1
194712	515	1
194735	1	1
194778	1	1
194785	1	1
194786	1	1
194787	1	1
194788	1	1
194789	1	1
194825	1	1
194896	1	1
194912	1	1
195266	1	1
195385	1	1
195387	1	1
195390	1	1
195396	1	1
195397	1	1
195398	1	1
195398	188	1
195398	1313	1
195526	1	1
195645	1	1
195649	1	1
195658	1	1
195658	49	1
195916	1	1
195918	1	1
195923	1	1
195926	1	1
191086	1	1
191201	1	1
191244	1	1
191277	1	1
191691	1	1
191691	67	1
191692	1	1
191692	20	1
191726	1	1
191800	1	1
191808	1	1
275887	1	30
275886	1	30
275886	8	24
275886	22	30
275886	25	24
275886	69	30
275890	1	30
275890	9	24
275890	504	21
198523	1	1
199021	1	1
199021	683	1
199699	1	1
199699	389	1
199833	1	1
199833	411	1
200075	1	0
200075	4	1
200466	1	1
200466	91	1
200466	142	1
200990	1	0
200990	5	1
201199	1	1
201202	1	1
201812	1	1
201813	1	1
201816	1	1
201824	1	1
202013	1	1
202014	1	1
202016	1	1
202016	203	1
202044	1	1
202044	116	1
202045	1	1
202045	340	1
202046	1	1
202047	1	1
202051	1	1
202088	1	1
203777	1	1
203778	1	1
203778	51	1
205666	1	1
205666	99	1
206187	1	1
206187	201	1
206199	1	1
206199	6	1
206484	1	0
206484	4	1
206484	224	1
206745	1	1
206745	349	1
206745	1965	1
207320	1	1
207398	1	1
207454	1	1
207454	138	1
207454	982	1
207468	1	1
207468	77	1
207491	1	1
207779	1	1
207788	1	1
207789	1	1
207790	1	1
207813	1	0
207813	3	1
207897	1	0
207897	2	1
207897	92	1
207905	1	0
207905	3	1
207905	74	1
207905	78	1
207905	136	1
207905	931	1
207920	1	1
207920	125	1
207921	1	1
207922	1	1
207922	15	1
207924	1	1
208299	1	1
208300	1	1
208303	1	1
208304	1	1
208339	1	1
208339	85	1
208351	1	1
208351	135	1
208353	1	1
208357	1	1
208357	90	1
208390	1	0
208390	4	1
208390	157	1
208391	1	1
208391	685	1
208406	1	1
208509	1	1
208509	60	1
276508	1	1
276765	1	1
276769	1	30
276776	1	21
276776	458	15
276794	1	30
276794	8	15
276794	413	12
276767	1	30
276775	1	30
276775	184	24
276775	780	21
277853	1	1
277854	1	40
277856	1	40
278509	1	35
278509	100	40
278509	191	35
278509	529	30
278509	691	24
278509	1044	21
279822	1	1
279823	1	40
279823	26	44
279823	50	40
279823	366	35
279931	1	40
279931	71	21
279931	74	40
279931	262	35
279931	521	30
279931	752	24
279931	1088	21
279931	1946	15
199834	1	1
199834	656	1
201366	1	1
201393	1	1
201418	1	1
201613	1	1
201718	1	1
201718	66	1
203836	1	1
203836	23	0
204484	1	1
204554	1	1
206331	1	1
206331	187	1
276235	1	30
276235	4	24
276237	1	1
276243	1	15
276242	1	30
276242	9	24
276242	465	21
276242	1385	15
276244	1	15
277277	1	40
277278	1	1
277279	1	1
277933	1	1
277932	1	1
277934	1	1
278136	1	1
278193	1	40
278193	3	30
278193	76	35
278193	122	30
278345	1	35
278345	309	30
278345	620	24
278346	1	24
278346	112	21
278349	1	21
278349	318	15
278349	325	21
278349	467	15
278366	1	15
278761	1	40
278761	5	1
278976	1	15
278969	1	40
278969	373	35
278969	644	30
278969	872	24
278969	1198	21
278975	1	21
278975	600	15
201669	1	1
201707	1	1
201707	579	1
201794	1	1
201802	1	0
201802	8	1
201802	172	1
201806	1	1
201809	1	1
201817	1	1
201818	1	1
201819	1	1
201819	231	1
202012	1	1
202012	58	1
202074	1	1
202074	85	1
202075	1	1
202075	616	1
202272	1	1
202272	79	1
202272	637	1
202304	1	1
202304	116	1
203739	1	1
203980	1	1
203985	1	1
206448	1	1
276044	1	1
276074	1	1
276063	1	1
276054	None	1
276071	1	30
276072	1	1
276049	1	30
276062	1	1
276064	1	30
276279	1	30
276282	1	30
276282	376	24
276282	971	21
276271	1	1
276276	1	30
276283	1	21
276283	778	15
276948	1	24
276942	1	30
276942	8	35
276947	1	30
276947	96	24
276950	1	24
276950	42	21
276950	881	15
276945	1	1
276940	1	40
276940	82	35
276940	123	30
276941	1	30
276944	1	35
276946	1	35
276946	9	30
277822	1	40
277826	1	40
277833	1	40
277827	None	1
277824	1	1
277820	1	40
277829	1	1
277832	1	40
277819	1	1
277835	1	40
277823	1	1
277816	1	40
277828	1	1
278765	1	40
278765	9	35
279682	1	44
279682	6	40
279683	1	40
279684	1	40
279685	1	40
279685	7	35
279685	10	40
279685	43	35
199812	1	1
199812	629	1
199832	1	1
200473	1	1
200473	498	1
200491	1	1
200515	1	1
200518	1	1
200532	1	1
201062	1	0
201062	3	1
201535	1	1
201535	12	1
201612	1	1
202087	1	1
202087	501	1
202093	1	1
202116	1	1
202178	1	1
202178	85	1
202178	664	1
203002	1	0
203002	4	1
203002	103	1
203002	766	1
203987	1	1
203987	310	1
204114	1	1
204114	259	1
204577	1	1
204577	633	1
204795	1	0
204795	90	1
205781	1	1
205833	1	0
205833	5	1
205833	168	1
206401	1	1
206401	181	1
206540	1	1
206541	1	1
207221	1	1
207231	1	1
207231	181	1
207231	985	1
207233	1	1
208392	1	1
208394	1	1
208397	1	1
208402	1	1
278474	1	1
278807	1	1
278802	1	40
278804	1	1
278800	1	40
278801	1	40
278805	1	35
278805	88	30
278805	285	24
278806	1	1
278803	1	40
278803	107	35
278808	1	24
278808	343	21
278808	1235	15
278962	1	40
278962	195	35
278963	1	35
278963	108	30
279681	1	40
279681	81	44
201193	1	1
201195	1	1
201196	1	1
206208	1	1
206208	231	1
208296	1	1
275958	1	1
275960	1	30
276434	1	30
276544	1	15
276545	1	15
276542	1	30
276542	321	24
276543	1	24
276543	29	21
276543	936	15
277087	1	40
277087	168	12
277076	1	15
277071	1	21
277069	1	40
277069	85	35
277069	89	40
277069	94	35
277075	1	15
277086	1	40
277070	1	35
277070	11	30
277070	39	35
277070	67	30
277070	323	24
277070	803	21
277072	1	21
277072	306	15
277073	1	40
277073	21	15
277081	1	40
277534	1	1
277536	1	40
277842	1	40
279966	1	40
279966	77	44
279966	275	40
279966	402	35
279975	1	40
279975	76	44
279975	87	50
279975	118	44
279975	279	40
279975	489	35
279975	749	30
279975	952	24
279967	1	1
279994	1	44
280014	1	1
280024	1	11
280006	1	40
280006	19	35
280015	1	40
280015	7	35
280015	82	30
280015	287	24
279990	1	40
280002	1	40
280007	1	40
280007	14	35
280020	1	11
279993	1	40
279993	89	44
280018	1	21
280018	160	15
280018	596	11
279991	1	40
280013	1	40
280021	1	1
280023	1	1
280016	1	40
280016	6	21
280019	1	1
280022	1	1
279995	1	1
280001	1	1
280017	1	21
198270	1	1
198272	1	1
200190	1	1
200243	1	1
201390	1	1
201419	1	1
201420	1	1
201729	1	1
201804	1	1
202086	1	1
202880	1	0
202972	1	1
202972	9	1
202972	530	1
204101	1	1
204506	1	1
204506	70	1
204541	1	0
204541	4	1
204541	83	1
204544	1	1
204576	1	1
204576	87	1
204601	1	1
204601	488	1
204798	1	1
204799	1	1
204800	1	1
204809	1	1
204812	1	1
205086	1	0
205086	4	1
205086	57	1
205604	1	1
205605	1	1
205690	1	1
206477	1	1
206477	6	1
206572	1	1
206572	39	1
206572	40	1
206574	1	1
206595	1	1
206598	1	1
206867	1	1
207299	1	1
207487	1	1
207487	26	0
207487	35	1
207487	144	1
207490	1	1
207490	38	1
207492	1	1
207517	1	1
207518	1	1
207898	1	1
208297	1	1
208298	1	1
208393	1	1
278419	1	35
278418	1	35
278417	1	1
278923	1	40
278923	348	35
278904	1	1
278922	1	40
278941	1	40
279085	1	40
279854	1	1
279861	1	1
279864	1	24
279845	1	40
279846	1	40
279846	11	35
279852	1	24
279857	1	1
279862	1	24
198268	1	1
201228	1	1
201278	1	1
201278	126	1
201278	790	1
201278	2193	1
201383	1	1
201384	1	1
201391	1	1
201602	1	1
201602	90	1
201657	1	1
202050	1	1
202054	1	1
202060	1	1
202060	79	1
202060	715	1
202090	1	1
202873	1	0
203709	1	1
204250	1	1
204250	104	1
204550	1	1
204551	1	1
204552	1	1
204563	1	0
204563	3	1
204563	94	1
204565	1	1
204567	1	1
205526	1	1
205595	1	1
205598	1	1
205600	1	1
205600	42	1
205617	1	1
205617	169	1
205620	1	1
205774	1	1
205774	10	1
205937	1	0
206098	1	1
206542	1	1
206542	12	1
206542	17	1
206542	40	1
207372	1	1
207469	1	1
207887	1	1
207887	9	1
208427	1	1
208427	89	1
279024	1	40
279024	86	21
279029	1	21
279028	1	21
279767	1	15
279760	1	40
279760	77	44
279760	213	40
279760	373	35
279760	609	30
279766	1	30
279766	60	24
279766	429	21
279766	1395	15
279849	1	35
279849	109	30
279844	1	40
279844	83	44
279844	207	40
279855	1	1
279858	1	1
279856	1	1
279860	1	1
279865	1	40
279865	27	21
279850	1	1
279850	17	1
279851	1	24
279859	1	1
279848	1	40
279848	22	35
279853	1	24
199876	1	1
199876	344	1
200244	1	1
200244	612	1
200245	1	1
200253	1	1
200368	1	1
200369	1	1
200369	13	1
200381	1	0
200381	3	1
200519	1	1
200519	528	1
200602	1	1
200961	1	1
205215	1	1
206513	1	1
206906	1	1
276384	1	15
276357	1	30
276357	36	24
276361	1	24
276361	464	21
276349	1	1
276363	1	21
276363	503	15
276347	1	1
276352	1	30
276355	1	30
276362	1	1
276360	1	1
276350	1	1
276351	1	1
277216	1	40
277219	1	35
277217	1	40
277218	1	40
277218	10	35
277220	1	35
277220	29	30
278050	1	40
278062	1	40
278690	1	40
278986	1	40
279356	1	40
279405	1	21
279403	1	40
279841	1	40
279841	75	35
279841	748	30
279841	957	24
279841	1204	21
279840	1	40
282536	1	50
282515	1	1
282521	1	50
282498	1	50
282508	1	50
282523	1	50
282708	1	44
282712	1	44
282712	44	44
282707	1	44
282709	1	1
282710	1	1
282711	1	1
282905	1	1
282906	1	44
284014	1	24
284006	1	44
284006	105	24
284006	162	21
284006	190	24
284025	1	50
284025	155	44
284041	1	21
284036	1	35
284036	140	30
284037	1	30
284037	7	24
284037	258	21
284038	1	21
284042	1	21
284044	1	21
284035	1	44
284035	74	40
284035	278	35
284039	1	21
284029	1	44
284029	39	44
284040	1	21
282310	1	50
282304	1	1
282377	1	50
282377	20	44
282399	1	1
282403	1	50
282412	1	40
282408	1	50
282467	1	50
282842	1	44
282842	14	50
282842	40	44
283049	1	44
283049	81	50
283049	88	44
283059	1	40
283059	69	35
283059	296	30
283050	1	50
283050	38	44
283050	134	44
283067	1	30
283067	9	24
283067	47	21
283067	60	21
283067	80	21
283067	102	21
283067	145	21
283067	152	21
283052	1	44
283052	104	40
283305	1	44
283307	1	40
283307	158	35
283307	297	30
283306	1	44
283306	133	44
283306	278	40
283308	1	30
283308	93	24
283308	360	21
283478	1	44
283478	229	44
283478	324	50
283478	328	44
283478	428	40
283478	589	35
283478	836	30
283548	1	44
283548	149	24
283548	159	30
283934	1	44
283934	33	44
283934	271	40
283934	410	35
283934	698	30
283934	842	24
283934	1075	21
283933	1	44
283933	100	50
283933	119	44
283964	1	44
283964	3	21
283946	1	50
283946	133	44
283946	263	44
283946	425	40
283946	583	35
283946	826	30
283946	1012	24
283946	1225	21
282923	1	24
282923	219	21
282924	1	21
282920	1	1
282921	1	35
282921	84	30
282917	1	44
282917	117	44
282918	1	44
282918	14	40
282919	1	40
282919	101	35
282919	106	40
282919	140	35
282922	1	30
282922	123	24
283041	1	44
283041	134	44
283042	1	1
283042	4	1
283042	8	1
283040	1	44
283040	50	40
283040	53	44
283043	1	44
283043	57	40
283043	193	35
283043	434	30
283039	1	44
283163	1	1
283340	1	50
283820	1	44
283820	51	24
283820	1531	21
283818	1	44
283835	1	15
283830	1	21
283830	414	15
283834	1	15
283877	1	35
283877	64	30
283877	249	24
283877	503	21
283877	1346	15
283878	1	15
283876	1	44
283876	205	44
283876	402	40
283876	554	35
283142	1	44
283108	1	44
283151	1	44
283136	1	44
283122	1	44
283358	1	35
283358	57	30
283358	213	24
283358	515	21
283353	1	44
283353	3	50
283353	167	44
283353	309	44
283353	461	40
283353	656	35
283359	1	21
283359	372	15
283884	1	44
283884	428	44
283884	618	40
283885	1	40
283885	24	35
283885	249	30
283885	444	24
283885	740	21
283885	1482	15
283920	1	1
284043	1	21
284068	1	44
284068	31	2
284068	38	1
284068	53	50
284066	1	1
282374	1	50
282374	36	44
282577	1	50
282567	1	50
282544	1	50
282585	1	50
282586	1	50
283270	1	44
283270	76	50
283270	154	44
283270	304	44
283270	498	40
283270	663	35
283270	912	30
283270	1096	24
283270	1381	21
283270	1906	15
283283	1	15
283283	1315	11
283451	1	1
283453	1	44
283453	154	44
283453	163	44
283453	302	44
283453	491	40
282189	1	1
282196	1	50
282193	1	50
282205	1	1
282218	1	50
282659	1	1
282661	1	50
282663	1	50
282663	223	2
282663	233	1
282663	1100	44
282660	1	1
282662	1	50
282662	37	40
282731	1	44
282731	118	44
282735	1	30
282735	70	24
282735	308	21
282735	1133	15
282730	1	44
282730	90	50
282730	126	44
282732	1	44
282734	1	35
282734	207	30
282733	1	44
282733	29	40
282733	172	35
282814	1	30
282814	153	24
282814	405	21
282814	1116	15
282796	1	44
282799	1	1
282800	1	44
282800	80	44
282800	143	40
282800	235	35
282800	242	40
282800	256	35
282800	312	40
282807	1	40
282807	35	35
282807	243	30
283469	1	44
282599	1	50
282603	1	50
282601	1	50
282601	9	30
283034	1	44
283034	9	50
283034	16	50
283034	18	44
283034	22	44
283034	24	40
283034	28	35
283034	31	30
283034	35	24
283034	40	21
283034	44	21
283034	47	21
283034	55	21
283034	62	21
283034	67	21
283034	74	15
283034	77	11
283413	1	1
283407	1	44
283407	88	50
283408	1	50
283408	90	44
283408	239	44
283408	440	40
283408	609	35
283408	883	30
283408	1073	21
283408	1085	24
283408	1295	21
283408	2122	15
283415	1	1
283416	1	15
283414	1	1
283623	1	44
283642	1	44
283644	1	44
283618	1	44
283630	1	44
283617	1	1
283634	1	1
283636	1	44
283639	1	1
283640	1	44
283646	1	44
283648	1	44
283628	1	1
283633	1	44
283635	1	1
283643	1	1
283645	1	1
283620	1	44
283676	1	44
283685	1	24
283685	7	21
283685	49	11
283685	57	6
283685	74	1
283685	76	2
283685	95	1
283685	98	1
283685	100	2
283685	102	2
283685	157	2
283685	166	2
283685	213	2
283685	256	24
283685	294	21
283680	1	44
283680	22	40
283672	1	44
283675	1	44
283681	1	40
283681	10	35
283682	1	35
283682	175	30
283682	346	24
283861	1	1
283865	1	44
283865	143	44
283865	324	40
283865	484	35
283865	722	30
283865	932	24
283865	1166	21
283858	1	44
283859	1	1
283860	1	44
283863	1	44
274978	1	21
297039	1	0
297039	6	20
297039	27	0
297046	1	0
297046	40	20
297050	1	0
297050	12	20
297047	1	0
297047	4	20
297047	14	0
297049	1	0
297048	1	0
297031	1	0
297031	6	70
297054	1	1
297055	1	0
297056	1	0
297056	4	20
297057	1	20
297067	1	0
297067	8	20
297063	1	1
297068	1	20
297062	1	0
297062	4	1
297065	1	20
297101	1	20
297100	1	20
297100	164	70
297100	182	70
297100	195	70
297100	207	70
297100	217	20
297098	1	0
297099	1	0
297099	3	20
297111	1	0
297112	1	1
297110	1	0
297109	1	0
297114	1	20
297107	1	20
297107	13	10
297107	19	5
297107	22	70
297107	26	50
297107	31	20
297107	36	10
297107	41	5
297107	46	0
297113	1	20
297116	1	1
297115	1	1
297150	1	0
297150	7	5
297150	23	10
297150	26	20
297150	30	20
297149	1	0
297149	16	1
297161	1	0
297160	1	0
297168	1	0
297168	36	20
297169	1	20
297170	1	1
297172	1	1
297162	1	0
297162	6	20
297174	1	1
297180	1	20
297163	1	0
297176	1	0
297176	11	20
297177	1	20
297181	1	20
297175	1	20
297182	1	20
297171	1	20
297173	1	1
297178	1	20
297179	1	20
297225	1	20
297199	1	0
297199	18	50
297215	1	50
297224	1	0
297224	10	20
297228	1	1
297229	1	20
297200	1	0
297209	1	0
297211	1	0
297211	11	70
297211	48	50
297211	63	50
297227	1	0
297227	9	20
297218	1	50
297218	9	20
297219	1	20
297219	28	20
297260	1	0
297264	1	0
297268	1	0
297268	27	70
297268	31	50
297268	34	50
297268	37	20
297268	40	20
297268	43	20
297268	46	20
297289	1	0
297288	1	0
297292	1	20
297292	326	20
297308	1	20
297286	1	20
297286	13	0
297290	1	0
297296	1	20
297296	208	20
297284	1	0
297281	1	0
297281	35	20
297281	43	50
297281	59	0
297282	1	0
297283	1	0
297291	1	0
297293	1	20
297285	1	0
297287	1	0
297316	1	20
299370	1	46
299370	8	0
299370	47	46
299370	56	39
299370	163	33
299369	1	46
299368	1	0
299368	35	46
300394	1	46
300395	1	46
300396	1	46
300397	1	46
300391	1	46
300389	1	33
300400	1	46
300400	93	39
300400	405	33
300401	1	0
300401	19	33
300401	396	24
300392	1	46
300393	1	46
300390	1	0
300390	2	46
300398	1	46
300399	1	46
301161	1	0
301161	36	24
301161	410	16
301165	1	16
302503	1	0
302503	8	8
305040	1	0
305040	44	65
305040	76	59
305040	89	65
305036	1	0
305024	1	1
305046	1	16
305046	5	24
305046	267	16
305034	1	0
305043	1	65
305033	1	0
305027	1	1
305044	1	0
305044	3	65
305044	56	59
305045	1	59
305045	2	52
305045	67	46
305045	143	39
305045	286	33
305045	376	24
305045	789	16
305035	1	0
305179	1	65
305182	1	1
305183	1	65
305184	1	1
305186	1	65
305186	100	59
305186	232	52
305186	373	46
305186	407	39
305141	1	1
297428	1	1
297433	1	20
297427	1	1
297429	1	20
297429	49	20
297432	1	20
297431	1	20
297430	1	20
297425	1	50
297434	1	20
297434	134	20
297435	1	20
297424	1	0
297424	13	50
297426	1	50
297426	7	20
297469	1	50
297467	1	0
297467	4	50
297467	54	50
297468	1	50
297486	1	20
297486	306	20
297488	1	20
297488	158	20
297487	1	20
297484	1	20
297485	1	20
297485	201	20
297483	1	0
297483	32	50
297483	172	20
297563	1	20
297563	63	20
297560	1	20
297562	1	20
297562	70	0
297562	77	0
297562	87	0
297562	96	0
297562	107	0
297562	120	20
297557	1	0
297557	7	50
297557	29	0
297557	42	0
297557	50	0
297557	58	0
297557	67	50
297557	301	20
297559	1	20
297558	1	0
297558	9	20
297558	258	20
297658	1	0
297659	1	0
297659	11	20
297663	1	0
297666	1	20
297656	1	0
297656	21	20
297656	36	50
297656	51	50
297662	1	0
297653	1	0
297657	1	0
297657	4	0
297661	1	0
297664	1	0
297664	20	20
297660	1	0
297660	2	20
297660	28	0
297665	1	20
299061	1	0
299061	22	20
299061	35	50
299061	37	20
299061	249	20
299064	1	0
299064	7	20
299065	1	20
299067	1	20
299067	31	20
299062	1	20
300063	1	1
300061	1	1
300064	1	0
300064	9	65
300064	12	59
300064	16	52
300064	19	46
300064	22	39
300064	26	33
300064	28	24
300064	32	16
300064	36	8
301147	1	0
302239	1	0
302239	11	33
302238	1	1
302240	1	33
302240	8	24
302240	609	16
302240	624	24
302240	625	16
302240	633	24
302240	673	16
302237	1	1
303998	1	0
303998	49	52
303998	79	59
303998	131	52
303998	206	46
304000	1	33
303999	1	46
303999	17	39
303999	298	33
304448	1	1
304448	6	1
304453	1	1
304435	1	1
304447	1	65
304447	230	59
304447	289	52
304447	420	46
304447	483	39
304447	615	33
304447	1145	24
304447	1370	16
304449	1	1
304446	1	0
304446	34	65
304451	1	16
297462	1	0
297462	6	50
297462	15	20
297462	22	20
297606	1	20
297603	1	20
297603	110	20
297605	1	20
297605	190	20
297605	224	0
297605	233	0
297605	242	0
297605	250	0
297605	257	20
297598	1	0
297598	18	50
297604	1	20
297597	1	0
297599	1	50
297599	91	20
300952	1	1
301046	1	0
301046	162	8
301087	1	1
301088	1	8
301086	1	0
301086	33	8
301249	1	0
301330	1	0
301330	21	33
301919	1	0
303595	1	0
303595	16	8
303601	1	0
303601	10	8
303600	1	1
303832	1	0
303832	9	65
303832	63	39
303832	144	33
303832	1079	24
303832	1594	16
304062	1	0
304062	53	8
304062	56	24
304062	58	39
304062	61	8
304062	63	46
304062	64	52
304062	127	46
304062	145	39
304062	377	33
304062	1181	24
304062	1914	16
304119	1	0
304119	7	59
304119	56	52
304119	62	59
304125	1	39
304125	261	33
304125	893	24
304125	1603	16
304120	1	59
304120	40	52
304120	95	46
304120	111	52
304120	169	46
304120	235	39
304452	1	0
304776	1	0
304776	16	65
304776	20	0
304776	48	65
297351	1	0
297480	1	0
297480	19	50
297494	1	0
297494	17	0
297496	1	0
297502	1	0
297504	1	20
297505	1	20
297505	311	20
297498	1	0
297499	1	0
297500	1	0
297503	1	0
297503	5	20
297503	324	20
297501	1	0
297495	1	0
297497	1	0
299711	1	1
301891	1	0
301897	1	0
302486	1	1
302492	1	0
302492	10	24
302494	1	24
302494	183	16
302487	1	1
302488	1	1
302489	1	1
302484	1	39
302484	32	33
302485	1	33
302485	579	24
302493	None	1
302490	1	1
302491	1	1
302567	1	0
302567	5	33
302566	1	33
302569	None	1
302564	1	1
302563	1	0
302563	40	39
302563	45	33
302565	1	1
302572	1	0
302572	6	33
302570	1	0
302570	2	33
302571	1	0
302571	2	33
302573	1	33
302573	78	24
302573	980	33
302573	1030	16
303825	1	24
303825	77	16
303824	1	0
303824	30	8
303824	51	39
303824	53	33
303824	313	24
303824	403	24
304778	1	0
304778	4	46
304778	47	46
304778	122	39
304778	257	33
304778	854	24
304775	1	0
304777	1	65
304777	101	65
304777	226	65
304777	263	59
304777	266	65
304777	357	59
304789	1	0
297341	1	0
297341	17	70
297341	26	50
297341	36	50
297341	46	20
297341	56	20
299381	1	52
299380	1	0
299380	34	46
299380	132	52
299380	137	46
299380	143	52
299380	151	52
299440	1	0
300101	1	0
300101	14	65
300101	16	59
300101	18	52
300105	1	46
300107	1	46
300104	1	0
300104	25	46
300106	1	46
301179	1	0
301179	34	33
301180	1	33
301180	29	24
301183	1	0
301183	3	24
301457	1	0
301461	1	0
301461	28	33
301461	424	24
302479	1	0
302479	30	33
302479	36	39
302479	82	33
297406	1	0
297406	8	50
297411	1	0
297411	25	20
297411	35	20
297411	449	20
297620	1	0
297620	24	50
297620	26	50
297620	37	50
297618	1	0
297618	10	70
297618	13	50
297618	15	50
297618	23	50
297618	29	50
297618	35	20
297618	40	20
297618	49	20
299731	1	1
301398	1	16
301391	1	0
301391	37	33
301395	1	1
301392	1	33
301392	288	24
301394	1	24
301397	1	24
301397	267	16
301399	1	16
301393	1	0
301393	2	24
301396	1	24
301579	1	0
301579	23	24
301579	24	33
301579	25	39
301579	26	46
301579	27	52
301579	28	8
301579	29	16
301579	30	24
301579	32	33
301579	33	39
301579	34	46
301579	35	52
301579	36	59
301579	37	65
302029	1	33
302026	1	0
302026	15	33
302034	1	16
302036	1	0
302036	10	16
302043	1	16
302043	201	8
302044	1	1
302038	1	16
302031	1	33
302031	100	24
302032	1	1
302033	1	24
302033	2	16
302040	1	16
302037	1	0
302037	3	16
302023	1	0
302027	1	1
302030	1	1
302041	1	16
302042	1	16
297675	1	50
297675	57	20
297675	410	20
297671	1	50
297674	1	0
297674	3	50
297673	1	0
297678	1	20
297678	4	0
297672	1	50
297672	2	0
297669	1	0
297670	1	0
297670	5	0
297670	14	0
297670	21	50
297712	1	0
297714	1	0
297713	1	0
297715	1	1
297711	1	0
300281	1	1
300283	1	33
300280	1	0
300280	24	46
300280	578	39
300282	1	39
300282	180	33
300284	1	33
300284	679	24
300539	1	46
300545	1	0
300545	4	46
300552	1	39
300538	1	46
300560	1	33
300560	253	24
300560	954	16
300561	1	16
300548	1	0
300548	2	39
300551	1	0
300551	2	39
300558	1	0
300558	8	39
300558	104	33
301550	1	65
301550	21	59
301550	26	52
301544	1	0
301544	3	65
302124	1	1
302132	1	16
302131	1	0
302131	29	24
302131	340	16
302388	1	0
302388	21	33
302388	577	24
297355	1	0
297359	1	0
297359	34	50
297359	51	50
297474	1	0
297474	17	50
297552	1	0
297552	46	20
297537	1	0
297537	4	50
297537	23	0
297537	27	70
297537	31	50
297537	34	50
297537	37	20
297537	40	20
297537	45	20
297537	48	20
297537	51	20
297537	54	0
297537	60	0
297537	63	0
297537	67	0
297537	70	0
297722	1	0
297722	35	50
297723	1	50
297723	14	0
297723	28	0
297723	34	0
297723	42	0
297723	51	20
300167	1	0
301080	1	0
303573	1	8
303575	1	8
303574	1	8
303569	1	0
303569	2	8
303572	1	0
303572	28	8
303523	None	1
303576	1	0
303576	104	8
304013	1	1
304197	1	65
304198	1	0
304198	3	59
304196	1	0
304196	38	59
304196	82	65
304199	1	0
304199	10	52
304200	1	52
304200	39	46
304200	194	39
299414	1	0
299414	4	46
299414	12	46
299414	40	39
299414	46	39
299414	98	46
299419	1	1
304784	1	0
304841	None	1
298678	1	0
298678	4	20
298671	1	0
298674	1	0
298679	1	20
298681	1	0
298681	6	20
301383	1	0
301383	28	33
301384	1	33
304711	1	0
304711	4	65
304711	7	59
304711	8	52
304711	9	46
304711	10	39
304711	11	33
304711	12	24
304711	13	16
304711	14	8
304711	17	59
304711	18	52
304711	19	46
304711	20	39
304711	22	33
304711	23	24
304711	24	16
304711	25	8
315633	1	49
315633	5	49
315645	1	49
315646	1	49
315647	1	49
315641	1	1
315642	1	49
315644	1	49
315640	1	49
301112	1	0
301120	1	1
301141	1	0
301141	12	16
301141	21	24
301142	1	24
301142	30	16
302978	1	0
304350	1	0
304350	15	52
304350	16	8
304350	18	8
304354	1	0
304354	80	65
304738	1	65
304738	365	59
304738	489	52
304738	563	46
304738	631	39
304738	769	33
304738	1332	24
304738	1579	16
304740	1	16
304722	1	0
304722	4	65
304722	7	59
304722	9	52
304722	11	46
304722	12	39
304722	13	33
304722	14	24
304722	15	16
304722	16	8
304722	17	65
304722	18	59
304722	19	52
304722	20	46
304722	21	39
304722	22	33
304722	23	24
304722	24	16
304722	25	8
304737	1	0
304737	69	65
304737	76	59
304737	90	65
304739	1	0
304739	3	16
315648	1	49
316069	1	1
316082	1	32
316456	1	1
316455	1	32
316455	68	32
316457	1	32
316457	12	32
316457	19	32
316457	130	32
316457	143	32
316457	154	32
316457	161	32
316457	416	32
316457	771	32
316457	1355	32
300927	1	0
300933	1	0
301951	1	0
315543	1	49
316664	1	32
316667	1	32
316665	1	32
316666	1	32
316666	3	32
316666	182	32
316666	559	32
316666	906	32
319524	1	32
319524	264	32
319524	703	32
319524	1248	32
319528	1	0
319528	6	32
319528	111	32
319525	1	32
319527	1	0
319521	1	32
319521	10	32
319521	15	32
319521	19	32
319526	1	32
319526	184	32
319526	193	32
319526	195	32
319526	275	32
319506	1	0
319506	11	32
319506	19	32
319523	1	0
319523	9	32
319523	12	32
319523	16	32
319523	21	32
319523	26	32
319523	30	32
319523	34	32
319523	37	32
319523	42	32
319523	44	32
319523	46	32
319523	48	32
319756	1	0
319756	5	32
319756	176	32
319756	412	32
319756	702	32
319756	1056	32
319756	1672	32
319928	1	1
319991	1	32
319991	332	32
319991	544	32
319991	828	32
319992	1	32
319992	249	32
319993	1	32
319993	574	32
320434	1	32
320757	1	32
320757	132	32
320855	1	32
320855	129	32
320855	448	32
320853	1	32
320853	186	32
320859	1	32
320854	1	32
320854	25	32
299614	1	0
299614	45	33
299614	72	24
299617	1	8
299616	1	0
299616	8	16
299616	84	8
304822	1	0
304826	1	1
304821	1	0
316505	1	32
316505	284	32
316505	567	32
316505	846	32
316505	1247	32
316701	1	32
316701	103	32
316701	389	32
316700	1	32
316700	299	32
316702	1	32
316702	236	32
318182	1	1
320858	1	32
320856	1	32
320857	1	32
320857	217	32
321055	1	32
321055	350	32
299183	None	1
299180	1	0
299180	5	20
299178	1	0
299178	36	50
299178	52	50
299185	1	20
299184	1	20
299184	201	20
301057	1	0
304796	1	0
304796	5	65
304797	1	0
304797	4	65
304797	11	0
304797	22	65
304797	426	59
304797	554	52
304797	581	46
304797	672	39
304797	772	33
304797	1459	24
304797	2087	16
304797	2864	8
304795	None	1
315555	1	49
315555	5	49
315557	1	49
315556	1	49
315554	1	49
315554	5	49
317696	1	32
317696	251	32
317696	543	32
319697	1	32
319697	28	32
319698	1	32
319907	1	32
319913	1	32
319913	3	32
319908	1	32
319909	1	1
319914	1	32
319914	4	32
319915	1	32
319897	1	32
319910	1	32
319910	106	32
319910	248	32
319910	358	32
319910	642	32
319912	1	32
319912	2	32
320712	1	32
320712	82	32
320934	1	32
320934	169	32
320934	530	32
320936	1	32
320941	1	32
320941	4	32
320933	1	32
320933	52	32
300517	1	33
300517	309	24
300515	1	46
300515	416	39
300515	738	33
300516	1	33
300514	1	0
300514	27	46
300514	34	52
300514	62	59
300514	100	52
300514	116	46
302634	1	0
302634	37	33
302635	1	33
302635	124	24
302635	916	16
305180	1	1
305188	1	39
305188	17	33
305188	34	24
305188	469	16
305188	481	8
305178	1	0
305178	50	65
305181	1	1
305185	1	1
305187	1	39
305427	1	0
305427	11	49
305440	1	0
305440	18	49
305441	1	49
305821	1	49
305821	35	0
305821	42	49
305821	49	0
305821	57	49
305821	567	46
305821	720	43
305818	1	49
317510	1	32
317509	1	32
317509	197	32
317511	1	32
317511	33	32
317511	304	32
317508	1	1
317505	1	32
317505	11	0
317505	16	32
317505	22	32
317505	30	32
317505	40	32
317505	45	32
317505	49	32
317505	57	32
317512	1	32
317512	15	32
317512	284	32
319816	1	0
319815	1	0
321051	1	32
321051	209	32
321051	454	32
321051	716	32
321051	1049	32
321067	1	32
321067	42	32
321067	401	32
321067	530	32
321069	1	32
321068	1	32
321068	179	32
321068	647	32
321323	1	32
301960	1	16
301959	1	0
301959	25	33
301959	433	24
301959	1061	16
304170	1	8
304169	1	0
304169	38	59
304169	79	46
304169	88	52
304169	167	46
304169	199	39
304169	458	33
304169	1109	24
304169	1312	16
304169	1438	8
304655	1	39
304655	91	33
304655	686	24
304654	1	0
304654	41	65
304654	351	59
304654	538	52
304654	595	46
304654	668	39
317264	1	1
317239	1	1
317787	1	1
317789	1	32
319450	1	32
319450	100	32
319450	593	32
319452	1	1
319449	1	32
319449	176	32
319453	1	1
319456	1	32
319456	184	32
319459	1	32
319447	None	1
299958	1	0
299958	8	8
301427	1	0
301524	1	24
301525	1	24
301528	1	24
301526	1	1
301529	1	24
301532	1	16
301531	1	24
301531	6	16
301519	1	0
301519	34	33
301519	187	24
301530	1	24
301521	1	1
301986	1	24
301986	343	16
301983	1	1
301984	1	0
301984	12	33
301985	1	33
301985	51	24
301987	1	16
301987	1057	8
302015	1	1
302626	1	0
302620	1	0
302620	67	65
302620	74	59
302620	80	52
302620	84	46
302624	1	0
302662	1	1
302663	1	33
302663	208	24
302663	432	16
302660	1	0
302660	25	46
302660	26	59
302660	28	33
302661	1	33
304366	1	0
304366	4	65
304366	26	0
304366	32	65
304366	339	59
304366	354	65
304366	380	59
304366	507	52
304366	570	46
304366	639	39
304366	755	33
304366	1388	24
304364	1	0
306126	1	16
306126	38	8
306126	48	16
306126	96	8
306126	171	8
306126	199	8
306126	247	8
306122	1	49
306125	1	49
306125	343	46
306125	435	43
306125	573	39
306125	672	38
306125	899	33
306125	1379	25
306125	2004	16
306115	1	49
306116	1	49
306119	1	49
306121	1	49
298652	1	0
298653	1	0
298653	19	0
317392	1	32
317392	204	32
317392	513	32
317392	715	32
317392	1048	32
317392	1479	32
317391	1	32
317927	1	32
320497	1	32
320497	6	32
320500	1	32
320500	65	32
320823	1	32
320823	71	32
320822	1	32
320822	35	32
320822	285	32
320824	1	32
320824	151	32
320824	951	32
320821	1	32
320821	68	32
299420	1	0
299420	2	46
299420	11	46
300079	1	0
300079	26	8
300078	1	1
300364	1	0
300364	27	39
300364	30	46
300373	1	46
300367	1	46
300368	1	46
300371	1	46
300360	1	1
300369	1	46
300374	1	46
300361	1	1
300372	1	1
300375	1	46
300375	22	39
300366	1	46
300370	1	46
300365	1	46
303948	1	0
303948	50	46
303948	55	52
303948	150	46
303948	158	59
303948	162	46
303948	336	39
303948	641	33
303948	1347	24
303989	1	24
306153	1	49
306153	6	0
306153	77	49
306171	1	49
306171	10	8
306154	1	49
306154	405	46
306154	594	43
306154	706	39
306154	842	38
306154	1034	33
306169	1	16
306169	371	8
306170	1	8
306155	1	33
306155	303	25
306155	945	16
315420	1	33
299390	1	1
299394	1	0
299394	5	52
299396	1	46
299391	None	1
299393	1	1
299395	1	52
299395	29	46
299392	1	1
301313	1	0
301323	1	0
301323	35	24
301323	39	33
301323	509	24
301450	1	16
301448	1	24
301447	1	0
301447	33	33
301447	220	24
301449	1	24
301449	78	16
302153	1	0
303838	1	0
303838	51	46
303838	243	39
303838	523	33
303838	1248	24
303838	1857	16
305113	1	0
305113	9	33
305114	1	33
305114	32	24
305112	1	0
305112	66	65
305112	147	59
305112	720	52
305112	813	46
305112	891	39
305112	957	33
306036	1	49
306036	6	0
306036	58	49
306051	1	33
306051	137	25
306038	1	49
306038	7	49
306038	13	49
306038	74	49
306039	1	1
306048	1	38
306041	1	49
306041	299	46
306037	1	49
306037	3	49
306040	1	1
306042	1	46
306042	70	43
306042	196	39
306042	317	38
306049	1	38
306049	7	33
315339	1	25
317315	1	32
317320	1	32
317320	106	32
317320	348	32
317320	626	32
317320	856	32
317320	1363	32
317319	1	32
317434	1	32
317435	1	32
317435	4	32
317435	214	32
317435	484	32
317435	832	32
317435	1375	32
317438	1	32
299649	1	0
299649	9	39
299649	36	46
299649	64	52
299649	87	46
299649	96	39
299649	103	59
299649	263	46
299650	None	1
300812	1	39
300816	1	0
300816	6	39
300817	1	39
300817	114	33
300806	1	0
300806	36	52
300806	69	59
300806	201	52
300811	1	0
300811	6	52
300811	124	46
301914	1	24
301912	1	0
301912	43	24
301909	1	0
301913	1	24
302995	1	0
315713	1	49
317089	1	32
317089	240	32
317089	693	32
317087	1	32
317087	267	32
317087	510	32
317087	836	32
317088	1	32
317212	1	32
317213	1	32
317213	11	32
317213	283	32
317580	1	32
318432	1	1
319077	1	32
298906	1	0
298906	36	70
298906	49	50
298906	60	50
298906	70	50
298906	80	50
298906	90	20
298906	100	20
298906	110	20
298906	120	20
298906	130	20
298906	140	0
300488	1	0
302277	1	0
302277	5	24
302278	1	16
302279	1	16
302279	28	8
302280	1	8
302533	1	0
302827	1	1
302804	1	1
302806	1	0
302828	1	1
302820	1	0
302821	1	0
302839	1	1
302829	1	0
305314	1	33
305314	76	24
305314	367	16
305310	1	0
305310	59	65
305310	65	59
305312	1	59
305312	99	52
305312	164	46
305311	1	59
305313	1	46
305313	89	39
305313	258	33
306135	1	49
306135	520	46
306135	524	49
306135	603	46
306135	705	43
306135	819	39
306135	994	38
306134	1	49
306134	9	0
306134	51	49
306137	1	1
306137	3	1
306139	1	16
306139	20	16
306139	42	16
306139	524	8
306139	528	16
306139	550	8
306139	1087	8
306139	1094	16
306138	1	49
306138	6	33
306138	387	25
306138	1018	16
315840	1	49
318856	1	1
299042	1	0
299042	13	20
299038	1	0
305902	1	49
305902	42	0
305902	51	49
306416	1	0
306432	1	33
306432	174	8
306432	337	33
306417	1	49
306418	1	49
306414	1	1
306414	4	1
306425	1	0
306425	10	0
306425	20	0
306425	115	33
306425	116	0
306419	1	49
306422	1	49
306422	4	46
306415	1	1
306420	1	49
306421	1	1
306423	1	46
306423	111	39
306423	237	38
316095	1	32
317279	1	32
317279	35	32
317683	1	32
317683	269	32
319840	1	32
319841	1	32
299913	1	1
300675	1	46
300673	1	0
300673	46	46
300674	1	46
300676	1	46
302225	1	0
302225	54	24
302225	562	16
302513	1	0
302513	28	39
304149	1	0
304149	3	65
304149	9	59
304149	14	52
304149	20	46
304149	25	39
304149	30	33
304149	35	24
304149	41	16
304149	46	8
304149	51	59
304149	56	52
304149	62	46
304149	67	39
304149	72	33
304149	77	24
304149	83	16
304149	87	8
304254	1	0
304257	1	0
304257	16	59
315390	1	25
315398	1	1
315406	1	16
315403	1	25
315404	1	25
315404	7	16
315376	1	1
315382	1	1
315385	1	1
315402	1	16
315400	1	1
315405	1	25
315405	6	16
316112	1	1
316109	1	32
316111	1	32
316113	1	32
316114	1	32
316114	10	32
316114	726	32
316110	1	32
316412	1	1
316413	1	32
316413	10	0
316413	15	32
316413	18	32
316413	20	32
316413	22	32
316413	28	32
316413	33	32
316413	40	32
316413	47	32
316413	54	32
316414	1	32
317591	1	32
317591	298	32
319852	1	1
319847	1	32
319851	1	32
319854	1	32
319854	167	32
319848	1	32
319849	1	32
319849	140	32
319849	381	32
319853	1	32
319853	110	32
316994	1	32
316993	1	32
316993	121	32
316995	1	32
316995	86	32
316995	401	32
318885	1	32
319687	1	0
319687	7	32
323639	1	32
323639	11	32
324818	1	32
302392	1	0
302392	34	33
302393	1	33
302393	483	24
302393	586	24
302393	591	24
302393	601	24
321305	1	32
321305	338	32
321305	612	32
321305	876	32
321305	882	32
321305	904	32
321305	1214	32
321305	1711	32
321305	2446	32
321311	1	32
321313	1	32
321313	4	32
321309	1	1
321309	4	1
321310	1	32
321312	1	32
321312	4	32
325100	1	32
325100	184	32
325111	1	32
325101	1	32
325101	245	32
325113	1	32
325114	1	1
325117	1	0
325117	3	32
325097	1	0
325097	32	32
325097	40	32
325098	1	32
325099	1	32
325099	106	32
325099	328	32
325110	1	32
325110	3	32
325492	1	0
315784	1	49
315789	1	1
315790	1	49
315785	1	49
315787	1	49
315788	1	1
315786	1	49
324785	1	32
324785	123	32
324785	157	32
324785	195	32
324785	335	32
324785	550	32
324791	1	32
324791	179	32
324791	618	32
324021	1	32
324021	279	32
324021	456	32
324021	675	32
324022	1	32
324022	176	32
324022	550	32
324729	1	32
317170	1	32
323755	1	32
323755	247	32
323755	380	32
323755	659	32
322247	1	1
322252	1	32
322252	180	32
322252	425	32
322252	684	32
322252	996	32
322252	1403	32
323716	1	32
324896	1	0
324897	1	0
324897	13	32
324897	135	32
324543	1	1
317864	1	32
301439	1	0
301694	1	0
301694	27	46
301694	64	52
324564	1	32
324564	4	32
316260	1	32
316262	1	32
317884	1	32
317875	1	32
317880	1	32
317908	1	32
317907	1	32
317913	1	32
317891	1	32
318874	1	32
318872	1	32
318872	31	32
318872	266	32
318876	1	32
318877	1	32
318877	49	32
302597	1	24
302597	586	16
302596	1	0
302596	31	8
302596	39	33
302596	648	24
320980	1	32
317182	1	32
317182	237	32
317182	516	32
317182	807	32
317182	1180	32
324980	1	0
324980	25	32
324980	205	32
324980	371	32
324980	617	32
324980	908	32
324980	1371	32
324980	2129	32
321138	1	32
321138	105	32
321138	647	32
321140	1	32
321134	1	32
321134	35	32
304209	1	0
304209	39	59
304209	178	52
304209	190	59
304209	219	52
304209	280	46
304209	433	39
304207	None	1
321383	1	32
321383	7	32
321397	1	32
321397	13	32
321386	1	32
321386	14	32
321393	1	32
321396	1	32
321396	61	32
321396	292	32
321396	567	32
321396	892	32
321396	1296	32
321388	1	32
321388	6	32
322599	1	32
322599	232	32
322602	1	32
322603	1	32
322605	1	32
322605	65	32
322617	1	32
322617	3	32
322617	175	32
322617	510	32
322617	563	32
322616	1	32
305247	1	0
305247	38	65
305247	58	59
305248	1	59
305248	294	52
305248	373	46
305248	507	39
305248	668	33
305250	1	33
305249	1	33
305252	1	33
305252	204	24
321833	1	32
321833	3	32
321832	1	32
321832	188	32
321834	1	32
321834	298	32
321831	1	32
321831	172	32
321831	412	32
321831	582	32
316470	1	32
316470	255	32
316469	1	32
316469	400	32
316469	600	32
316472	1	32
316472	89	32
320383	1	32
300975	1	1
300974	1	1
300973	1	0
302646	1	0
302646	28	33
302649	1	1
302650	1	1
302651	1	33
302654	1	33
316187	1	32
316187	228	32
316187	523	32
316187	793	32
316187	1127	32
316187	1534	32
316186	1	32
316186	4	32
316186	62	32
316241	1	32
316238	1	1
316239	1	32
316239	199	32
316239	563	32
316240	1	32
316240	19	32
316240	38	32
316240	155	32
316240	473	32
316240	1155	32
319809	1	0
319809	6	1
319811	1	0
319811	2	32
323727	1	32
323727	22	32
323727	222	32
323727	544	32
323727	907	32
323725	1	32
323725	169	32
323726	1	32
323726	44	32
315951	1	1
315944	1	32
315944	12	32
315944	17	32
315944	20	32
315944	24	32
315944	29	0
315944	34	32
315944	38	32
315944	42	32
315944	46	32
315944	50	32
315953	1	32
315953	8	32
315953	11	0
315953	15	32
315953	19	32
315953	23	32
315949	1	1
315945	1	1
315941	1	32
315947	1	1
323825	1	1
315363	1	33
315363	130	0
315362	1	1
315365	1	25
315365	16	33
315361	1	33
315366	1	25
315366	3	33
322022	1	32
322022	192	32
322022	370	32
322022	700	32
322022	1012	32
322022	1353	32
300958	1	0
302695	1	0
302694	1	0
320077	1	32
322348	1	32
322348	189	32
322348	451	32
322348	699	32
322348	1011	32
322348	1304	32
322431	1	32
322431	122	32
322431	516	32
322430	1	32
322430	178	32
322430	353	32
322430	614	32
322672	1	1
302448	1	0
302448	21	33
302448	620	24
302448	1501	16
303885	1	0
303885	59	46
303885	87	52
303885	173	46
303885	415	39
303885	585	33
303885	1399	24
303885	2015	16
305358	1	0
305358	90	65
305359	1	1
321262	1	32
321260	1	1
321261	1	32
323652	None	1
323653	1	32
323650	1	1
317313	1	32
317314	1	1
320688	1	32
320688	73	32
320688	261	32
320688	561	32
300235	1	46
300234	1	46
300236	1	0
300236	11	46
300239	1	24
300237	1	46
300237	5	39
300237	286	33
300238	1	0
300238	30	33
300238	253	24
300241	1	16
300233	1	0
300233	43	46
300240	1	24
300240	329	16
321909	1	32
321909	182	32
321909	482	32
321909	797	32
321909	1549	32
321908	1	32
321908	182	32
321908	282	32
321908	292	32
321908	388	32
323495	1	32
323493	1	32
323491	1	1
323488	1	32
323488	150	32
323488	445	32
323488	787	32
323487	1	32
323487	98	32
323487	144	32
323487	165	32
323487	382	32
323492	1	32
324314	1	1
324318	1	32
324318	182	32
324313	1	1
324315	1	32
324315	64	32
324317	1	1
315447	1	49
316638	1	32
323523	1	32
323525	1	32
323525	276	32
323525	681	32
323526	1	32
323526	317	32
323524	1	32
323524	22	32
323524	216	32
323524	513	32
323775	1	32
323775	152	32
323778	1	32
323778	198	32
323778	469	32
323778	761	32
300117	1	0
300117	30	46
319639	1	0
319639	9	32
319639	162	32
319639	1061	32
303808	1	0
303808	7	52
303813	1	1
303813	7	1
325422	1	0
325421	1	0
315703	1	49
315702	1	49
315704	1	49
315705	1	49
319678	1	0
319678	17	32
319678	181	32
321432	1	32
321433	1	32
321433	54	32
321436	1	32
321436	92	32
321436	498	32
321431	1	32
321434	1	32
321434	155	32
321434	424	32
317661	1	32
317661	254	32
317661	503	32
317661	797	32
317661	1113	32
317663	1	32
317663	5	32
317663	210	32
317663	242	32
317663	340	32
323954	1	32
323940	1	32
323940	292	32
323940	497	32
323940	749	32
323940	957	32
323940	1335	32
299149	1	0
299149	18	20
299149	33	50
299149	215	20
301414	1	0
301417	1	0
301417	50	33
318828	1	32
318828	62	32
318827	1	32
321402	1	32
323292	1	32
323292	104	32
323857	1	32
323857	46	32
323841	1	32
323841	110	32
323841	332	32
322040	1	32
322633	1	32
322633	167	32
322625	1	32
322625	178	32
322625	398	32
322625	663	32
322625	975	32
299005	1	0
322397	1	1
305965	1	1
305967	1	49
305966	1	1
305963	1	0
305963	9	49
305963	14	49
305964	1	1
298991	1	0
300575	1	46
300574	1	0
300574	15	39
300574	20	46
300576	1	0
300576	7	46
300576	152	39
300576	517	33
300576	865	24
300576	873	33
302926	1	0
304292	1	59
304292	50	65
304292	69	59
304292	78	65
304292	138	59
304292	185	52
304292	249	46
304292	360	39
304292	505	33
304292	1083	24
304292	1735	16
304292	1780	0
304292	1781	16
304291	1	0
304291	12	59
304291	13	0
304291	37	59
320543	1	32
320548	1	32
325511	1	0
325517	1	0
325520	1	0
325520	61	32
305237	1	59
305237	595	52
305237	672	46
305237	796	39
305237	843	33
305234	1	0
305234	50	65
305234	63	59
305235	1	1
305236	1	59
324432	1	32
316717	1	32
316717	119	32
316719	1	32
316723	1	32
316718	1	32
316718	265	32
316720	1	32
316720	106	32
316721	1	32
316722	1	32
316722	378	32
316716	1	32
316716	23	32
316715	1	32
320395	1	32
320393	1	32
320393	18	32
320393	24	32
320393	33	32
320393	43	32
320393	50	32
320393	56	32
320393	62	32
320393	66	32
320393	72	32
320393	77	32
320393	81	32
320393	87	32
320393	91	32
320396	1	32
302525	1	33
302525	621	24
302523	1	33
302526	1	24
302524	1	1
302522	1	0
302522	24	33
315229	1	1
315252	1	25
315252	6	16
315255	1	16
315259	1	16
315258	None	1
315240	1	1
315257	1	16
315346	1	25
315350	1	25
315351	1	1
315345	1	25
315343	1	25
315349	1	25
320416	1	32
320413	1	32
321165	1	1
321166	1	32
321164	1	32
321162	1	32
321167	1	32
321167	145	32
321167	381	32
321167	660	32
302474	1	24
302473	1	33
302473	2	24
302476	1	24
302476	78	16
302472	1	0
302472	20	33
302475	1	1
322057	1	32
302509	1	0
302509	34	39
302975	1	0
321710	1	32
321712	1	32
321712	15	32
321712	201	32
321709	1	32
321933	1	32
321933	150	32
319984	1	1
325605	1	0
325591	None	1
301554	1	1
301554	3	1
301554	12	1
301557	1	0
301567	1	0
301567	12	33
301567	20	33
301567	267	24
321636	1	32
321586	1	32
321586	9	0
321586	12	32
321586	14	32
321586	16	32
321586	20	32
321586	24	32
321586	28	32
321586	31	32
321586	37	32
321586	40	32
321586	44	32
321586	47	32
321586	50	32
321586	52	32
321586	57	32
321528	1	32
321607	1	32
321536	1	1
321650	1	0
321650	9	32
321650	13	32
321650	15	32
321650	17	32
321650	19	32
321650	22	32
321650	24	32
321650	27	32
321650	29	32
321650	31	32
321650	33	32
321650	35	32
321650	39	32
321650	41	32
321650	44	0
321640	1	32
321640	13	0
321640	15	32
321640	17	32
321640	18	32
321640	20	32
321640	23	32
321640	24	32
303816	1	0
303816	7	16
303816	17	0
303817	1	0
303817	60	16
303817	72	8
304326	1	0
304332	None	1
304333	1	0
304333	4	65
304333	71	0
304333	74	65
304333	82	59
304333	120	65
304333	448	52
304333	503	46
304333	579	39
304333	739	33
304333	1366	24
299338	1	0
320178	1	32
320177	1	32
320189	1	32
320185	1	32
320190	1	32
320192	1	32
320191	1	32
320186	1	32
304562	1	0
304562	4	65
304562	57	0
304562	60	65
304562	268	59
304562	416	52
304562	473	46
304562	520	39
304562	579	33
304562	626	24
304562	684	16
304562	821	8
319579	1	32
319579	277	32
319579	758	32
319579	1173	32
319579	1401	32
319579	1979	32
319579	1987	32
319579	2273	32
319579	2278	32
319579	2511	32
319579	2516	32
321221	1	32
321218	1	32
321218	298	32
321218	553	32
321218	823	32
321219	1	32
321219	168	32
321219	604	32
304144	1	0
304144	63	59
304144	70	65
304144	138	59
304144	411	52
304144	488	46
304144	535	39
304144	916	33
304144	1574	24
304144	2222	16
324087	1	32
324087	4	32
324101	1	32
324089	1	32
324089	16	32
324164	1	1
324161	1	32
324161	3	32
324131	1	32
324162	1	32
324163	1	32
324163	13	32
324163	17	32
324163	19	32
324163	22	32
324163	26	32
324163	29	32
324163	31	32
324163	33	32
324163	35	32
324163	38	32
324163	41	32
324163	43	32
324163	45	0
324163	47	32
324167	1	32
315764	1	49
315963	1	1
315974	1	32
315974	21	32
315965	1	1
315973	1	49
315962	1	1
315964	1	1
315966	1	32
315966	9	32
315966	15	32
315966	21	32
315966	27	32
315966	34	32
315966	40	32
315966	46	32
315966	50	32
315966	56	0
315966	62	32
315966	66	32
322049	1	32
322049	9	32
322049	12	32
322049	15	32
322049	18	32
322049	21	32
322049	23	32
299595	1	33
299592	1	0
299592	31	46
299598	1	0
299598	4	33
299598	8	0
299594	1	33
299593	1	46
299593	216	46
299593	361	39
299593	713	33
299597	1	0
299597	3	33
299804	1	0
299780	1	0
299829	1	1
299774	1	0
299813	1	0
299825	1	0
299831	1	1
299786	1	0
299833	1	0
299799	1	0
299809	1	0
299815	1	0
299806	1	0
299775	1	0
299807	1	1
299808	1	0
299819	1	0
299819	5	65
300124	1	0
300124	17	24
300124	202	16
300123	1	24
300122	1	0
300122	46	56
300122	50	46
300122	482	39
300122	817	33
300122	1210	24
320920	1	32
320916	1	32
320917	1	32
320917	99	32
320917	326	32
320917	605	32
320917	952	32
320917	1469	32
299662	1	0
299664	1	0
299663	1	0
324077	1	32
324077	281	32
324077	537	32
324077	755	32
324078	1	32
324078	4	32
324078	217	32
301809	1	0
299443	1	0
299443	51	46
315587	1	1
302543	1	0
321178	1	0
321178	5	32
321178	46	32
321177	1	32
321177	356	32
321177	480	0
305376	1	0
305376	65	65
305377	1	65
305377	217	59
305377	398	65
305377	438	59
305377	591	52
305377	663	46
305377	705	39
305377	780	33
305377	1374	24
305862	1	0
305862	79	49
305862	637	46
316477	1	1
316478	1	32
316478	12	0
316478	17	32
316478	20	32
316478	23	32
316478	25	32
316478	29	32
316478	31	32
316478	32	32
316478	36	32
316478	43	32
320258	1	32
300459	1	0
300459	29	39
300459	34	46
300467	1	16
300467	10	24
300467	519	16
300424	1	0
300466	1	33
300466	501	24
300466	627	16
300438	1	1
300462	1	46
300462	12	39
300463	1	39
300464	1	39
300464	87	33
300461	1	46
305840	1	43
305840	135	39
305840	257	38
305840	448	33
305840	965	25
305832	1	49
305832	5	0
305832	86	49
305833	1	49
305841	1	1
305842	1	25
305842	431	16
305839	1	49
305839	187	46
315510	1	49
315509	1	49
315499	1	49
315499	24	16
315512	1	49
315506	1	49
316928	1	32
316928	3	32
316928	58	32
319800	1	0
319800	9	32
319941	1	32
319941	63	32
319941	272	32
319942	1	32
319942	47	32
305617	1	1
305636	1	49
305636	22	0
305636	60	49
305636	167	49
305636	199	49
305636	528	46
305636	673	43
305636	813	39
305636	905	38
305636	1107	33
305636	1605	25
305636	2209	16
325167	1	1
325168	1	32
325159	1	0
325159	2	32
325159	70	32
325159	236	32
325169	1	32
325170	1	32
325170	197	32
325170	222	32
325170	333	32
325170	703	32
325172	1	0
325172	4	32
325172	353	32
325175	1	0
325175	6	32
298855	1	50
298853	1	0
298853	19	50
298853	437	50
298853	444	50
298853	445	50
298854	1	50
298854	5	50
298854	18	50
320065	1	32
320065	191	32
320065	536	32
320059	1	32
320060	1	32
320060	14	32
320064	1	32
320064	110	32
320062	1	32
320058	1	32
320063	1	32
320061	1	32
325022	1	0
325022	17	32
325022	38	32
325022	64	32
325022	378	32
325022	387	32
325022	1317	32
325022	1485	32
304956	1	0
304956	4	65
304956	5	59
304956	6	52
304956	7	46
304956	8	39
304956	9	33
304956	10	24
304956	11	16
304956	12	8
304956	13	65
304956	14	59
304956	15	52
304956	16	46
304956	18	39
304956	19	33
304956	20	24
304956	22	16
304956	23	8
305203	1	59
305203	34	52
305204	1	52
305204	146	39
305204	320	33
305204	861	24
305202	1	0
305202	65	65
305202	550	59
315321	None	1
315300	1	25
315322	1	25
315320	1	25
302349	1	24
302349	3	16
302337	1	0
302337	24	33
302337	117	24
302343	1	24
302350	1	16
302342	1	0
302342	19	24
302344	1	0
302344	3	24
317416	1	32
317420	1	32
317415	1	1
321294	1	32
321294	15	32
321296	1	32
321295	1	32
321295	141	32
321295	432	32
321295	608	32
321283	1	32
321679	1	32
305350	1	39
305351	1	39
305351	148	33
305351	559	24
305338	1	65
305349	1	46
305336	1	0
305336	36	65
305341	1	65
305341	265	59
305341	381	52
305341	468	46
306240	1	49
325862	1	0
325861	1	0
316219	1	32
316216	1	32
316216	234	32
316217	1	32
316217	189	32
316218	1	32
316218	190	32
316218	547	32
316218	929	32
316218	935	32
316218	962	32
317639	1	1
317640	1	32
317640	279	32
317640	424	32
317640	718	32
317641	1	32
317641	246	32
317641	607	32
317641	686	32
317641	756	32
318651	1	1
316615	1	32
316615	268	32
316613	1	32
316614	1	1
320673	1	32
320674	1	32
320674	14	32
325465	1	0
325464	1	0
299316	1	0
299316	14	20
299316	47	20
299318	1	20
299324	1	0
299324	11	20
299326	1	20
299322	1	1
299329	1	20
299325	1	20
299327	1	20
299327	30	20
299317	1	20
299321	1	1
306011	1	1
306017	1	1
306012	1	49
306012	10	0
306012	13	0
306012	16	0
306012	18	0
306012	21	0
306012	23	0
306012	26	0
306015	1	1
325065	1	32
325065	2	32
320285	1	32
320275	1	1
320276	1	1
320283	1	32
320277	1	32
322381	1	32
322381	142	32
322381	342	32
322381	570	32
305586	1	49
305586	4	0
305586	33	49
305586	45	49
305586	55	49
305586	548	46
305589	1	49
305589	2	43
305589	40	39
305589	221	38
305589	362	33
305590	1	33
305590	177	25
305590	714	16
305588	1	49
305588	56	43
305814	1	49
305814	5	0
305814	84	49
305814	560	46
305814	651	43
305814	780	39
305814	879	38
305814	1030	33
305814	1160	25
305814	1164	33
305814	1416	25
300156	1	33
300155	1	0
300155	29	46
300155	423	39
300155	750	33
300157	1	0
300157	9	33
300157	180	24
300157	948	16
301665	1	24
301664	1	0
301664	27	24
301664	49	33
301664	203	24
316291	1	32
321078	1	32
321122	1	32
321122	212	32
321123	1	1
321126	1	32
321126	14	32
321126	110	32
321119	1	32
321121	1	32
321124	1	32
321124	116	32
321124	397	32
299094	1	0
299096	1	0
299096	2	20
305208	1	33
305207	1	0
305207	43	65
305207	667	59
305207	786	52
305207	859	46
305207	944	39
305207	1059	33
321475	1	32
321475	197	32
321475	479	32
321475	741	32
321475	1052	32
321475	1525	32
321475	1916	32
321475	1922	32
300631	1	0
300631	41	46
300633	1	46
300633	292	39
300634	1	1
300584	1	1
300635	1	39
300635	165	33
300636	1	33
300636	835	24
300636	1493	16
300632	1	46
305511	1	0
299764	1	0
316568	1	1
316569	1	32
316569	196	32
316569	370	32
316569	636	32
316569	709	32
316569	790	32
316569	1155	32
316569	1651	32
316201	1	32
316201	145	32
316200	1	32
316202	1	32
316202	126	32
316199	1	32
316199	429	32
316199	702	32
316199	989	32
320569	1	32
320569	5	32
320566	1	1
320570	1	32
320571	1	32
300777	1	0
300777	19	52
300777	21	46
300777	388	39
300780	1	0
300780	3	39
300780	243	33
300785	1	33
300785	579	24
300785	1262	16
300781	1	33
301281	1	0
301281	36	24
301283	1	0
301283	3	24
301283	524	16
301283	859	8
301283	862	16
301298	1	0
301298	45	33
301298	547	24
301293	1	0
321683	1	32
321685	1	1
321887	1	32
321887	171	32
321887	395	32
321887	646	32
321887	951	32
297780	None	1
303676	1	0
318013	1	32
318017	1	32
301998	1	24
301998	639	16
301997	1	0
301997	33	33
301997	285	24
300293	1	0
300308	1	0
300312	1	0
300309	1	1
300313	1	0
300310	1	0
300314	1	0
305282	1	0
305282	73	65
305282	87	59
319656	1	0
319656	55	32
319656	136	32
319657	1	32
319657	68	32
319658	1	0
319658	4	32
319658	93	32
319659	1	32
322355	1	32
322355	124	32
322356	1	32
322356	187	32
322356	458	32
322356	777	32
304661	1	0
304661	43	65
304662	1	65
304662	109	59
304663	1	59
304663	127	52
304663	207	46
304663	278	39
304663	405	33
305081	1	0
305081	52	65
305081	69	59
305081	756	52
305081	828	46
305081	900	39
305081	1096	33
324245	1	32
324245	95	32
324245	264	32
324245	507	32
324245	828	32
324245	1264	32
325430	1	0
304506	1	65
304507	1	65
304507	50	59
304507	76	52
304507	172	46
304508	1	39
304508	130	33
304508	710	24
304508	1259	16
304505	1	0
304505	47	65
316142	1	32
316144	1	32
316876	1	32
316876	295	32
316876	461	32
316876	479	32
316876	607	32
316878	1	1
316877	1	32
316877	210	32
316879	1	32
316879	140	32
316911	1	32
321461	1	32
321457	1	32
321457	357	32
321457	593	32
321457	852	32
321457	1201	32
321457	1627	32
318819	1	32
318816	1	32
318816	29	32
318816	56	32
318820	1	32
320996	1	32
320994	1	1
320994	3	1
320995	1	32
320995	4	32
321880	1	32
321879	1	32
321879	60	32
321879	103	32
321879	113	32
321879	325	32
321870	1	32
320336	1	32
320338	1	32
320337	None	1
320344	1	32
320347	1	32
320340	1	32
320342	1	32
300328	1	0
322113	1	32
322118	1	32
322118	116	32
322118	318	32
322118	544	32
322118	827	32
305063	1	65
305063	30	59
305061	1	1
305064	1	59
305064	97	52
305064	173	46
305064	243	39
305064	460	33
305064	982	24
305064	1587	16
305060	1	1
305062	1	1
305059	1	0
305059	62	65
305059	529	59
305059	535	65
315488	1	49
315488	8	43
315489	1	43
315490	1	43
317861	1	32
301359	1	0
301359	32	33
301904	1	0
301969	1	0
301969	24	8
301969	28	33
301970	1	0
301970	6	33
323318	1	32
324201	1	32
324201	92	32
324201	304	32
324201	555	32
324201	833	32
324201	1214	32
324205	1	32
324200	1	1
324206	1	32
324206	37	32
324207	1	32
324202	1	32
324202	3	32
324209	1	32
322079	1	32
322079	331	32
322088	1	32
322088	70	32
322088	320	32
318562	1	1
318563	1	32
324408	1	32
324570	1	32
324570	18	32
324571	1	32
324571	4	32
302228	1	0
302228	58	16
302228	72	33
302228	80	24
302228	83	33
302228	115	24
302229	1	24
322339	1	32
322339	7	0
322339	10	32
322339	14	32
322339	18	32
322339	22	32
322339	26	32
322339	30	32
322339	34	32
322339	38	32
322339	42	32
322339	46	32
322339	51	32
322339	54	32
322339	58	32
322165	1	1
322167	1	1
322179	1	32
322179	233	32
322179	475	32
322179	872	32
322179	1055	32
322179	1448	32
320094	1	32
320090	1	32
300273	1	0
300273	24	46
317744	1	32
321233	1	32
321233	162	32
321233	404	32
321233	669	32
321231	1	32
321232	1	32
321230	1	32
323328	1	32
323326	1	32
323327	1	32
315266	1	1
315268	1	1
315270	1	25
315264	1	25
315265	1	25
315267	1	25
315273	1	25
321973	1	32
321973	201	32
321973	420	32
321973	693	32
321973	997	32
321975	1	32
321975	81	32
321975	321	32
321975	336	32
315775	1	49
323794	1	32
323790	1	32
323790	137	32
323790	246	32
323790	267	32
323790	345	32
323790	644	32
323790	857	32
318733	1	32
318733	3	32
323471	1	32
323471	116	32
323475	1	32
323472	1	32
323472	2	32
323472	41	32
323470	1	32
323470	46	32
323470	76	32
323470	202	32
323474	1	32
323474	325	32
323473	1	32
323473	204	32
301476	1	24
301476	239	16
301476	787	8
301480	1	0
301480	8	8
301472	1	0
301472	34	33
301472	489	24
301475	1	24
301473	1	1
301474	1	1
302328	1	0
302328	41	24
302328	514	16
323418	1	32
323416	1	32
323416	19	32
323423	1	32
323422	None	1
323414	1	32
323414	17	32
323419	1	32
323421	1	32
323417	1	32
323413	1	32
323413	19	32
323413	20	32
323420	1	32
323415	1	32
298850	1	0
298850	28	0
305721	1	49
305721	7	49
305721	11	49
323641	1	32
300226	1	0
300226	38	46
300226	64	56
300226	154	46
304625	1	0
304625	49	65
304625	56	0
304625	65	65
304625	382	59
304626	1	59
321732	1	32
321732	107	32
321732	382	32
321732	693	32
321732	1054	32
321729	1	1
321728	1	32
321730	1	32
321730	196	32
321731	1	1
321735	1	32
321735	4	32
322714	1	32
322709	1	32
322715	1	1
322716	1	32
322713	1	32
320369	1	32
322484	1	32
322483	1	1
322485	1	1
322480	1	32
322480	78	32
322480	290	32
322492	1	32
322492	7	32
322492	300	32
322492	701	32
322487	1	32
321759	1	1
321759	5	1
321755	1	32
321755	63	32
321755	438	32
321755	539	32
321760	1	32
321760	3	32
321760	226	32
321758	1	32
321758	90	32
316749	None	1
316740	1	1
316757	1	1
316758	1	32
316758	267	32
316758	516	32
316758	781	32
316758	1089	32
316758	1602	32
316746	1	1
322510	1	32
298831	1	0
298831	24	70
298835	1	0
302551	1	1
302553	1	33
302555	1	33
302554	1	1
302552	1	1
302548	1	0
302548	40	39
302548	54	33
302549	None	1
302550	1	1
321818	1	32
321818	311	32
321820	1	32
321816	None	1
321815	1	32
321817	1	32
321817	199	32
321817	519	32
321819	1	1
321813	1	32
321813	213	32
324661	1	32
324645	1	32
325343	1	0
325343	25	32
325342	1	0
300742	1	0
300742	56	46
322204	1	32
322204	14	32
322204	220	32
322204	473	32
322204	767	32
322204	1120	32
322201	1	32
322222	1	32
305744	1	49
305744	7	0
305947	1	49
305947	10	0
305947	26	0
305947	33	0
305947	38	0
305947	46	0
305947	53	0
317930	1	32
319068	1	1
320328	1	32
321149	1	32
321149	269	32
321149	478	32
321149	741	32
321149	1056	32
321149	1527	32
321917	1	32
321917	179	32
321917	407	32
321917	637	32
321919	1	32
320040	1	32
320040	48	32
320040	401	32
320038	1	32
320038	291	32
320038	495	32
320039	1	32
321796	1	1
321794	1	32
321795	1	1
324293	1	32
324293	161	32
324293	341	32
324293	611	32
324293	889	32
324293	1332	32
324293	2006	32
318070	1	1
321674	1	32
316440	1	1
316441	1	1
316442	1	1
319606	1	0
319606	14	32
319606	18	32
319606	22	32
319606	27	32
319606	30	32
319606	34	32
319606	37	32
319606	41	32
319606	45	32
319606	48	32
319606	50	32
315689	1	49
315687	1	49
315687	7	49
315688	1	1
315690	1	49
316839	1	32
316839	18	32
316839	23	32
316799	1	0
316797	1	32
316798	1	32
316808	1	32
316808	24	32
316808	26	32
319623	1	0
319623	7	32
319625	1	0
319625	7	32
322704	1	1
322705	1	1
322707	1	32
304672	1	33
304671	1	0
304671	41	65
304671	360	59
304671	362	65
304671	434	59
304671	544	52
304671	612	46
304671	679	39
304671	783	33
316061	1	32
316061	112	32
316062	1	32
316059	1	32
316059	54	32
316059	60	32
316060	1	32
316060	219	32
316058	1	32
316058	36	32
320561	1	32
320553	1	1
320555	1	1
320555	3	1
319833	1	32
320654	1	32
301941	1	0
301941	11	52
301941	32	24
319347	1	32
319347	114	32
319347	274	32
319347	487	32
319348	1	32
319349	1	32
319349	21	32
319349	44	32
316271	1	32
323558	1	32
323560	1	32
316944	1	32
316944	6	32
316944	172	32
316944	175	32
316944	214	32
316944	229	32
316944	288	32
316944	544	32
316944	831	32
316944	1205	32
320888	1	32
320887	1	32
320887	283	32
322702	1	32
322701	1	1
305898	1	49
305898	66	0
305898	68	49
305898	647	46
305898	747	43
324970	1	32
324970	181	32
324970	359	32
324970	461	32
324970	745	32
324970	1174	32
324970	1934	32
324967	1	0
324967	6	1
299478	1	46
299479	1	46
299479	100	39
299477	1	0
299477	39	46
299481	1	33
299481	416	24
299481	676	16
299481	691	8
299480	1	39
299480	389	33
318016	1	32
322106	1	32
322106	327	32
322106	497	32
322106	773	32
306096	1	49
306096	22	25
306095	1	33
306095	25	25
306092	1	46
306092	56	43
306092	182	39
306092	275	38
306092	433	33
306093	1	33
306091	1	49
306091	3	0
306091	45	0
306091	422	49
306091	437	49
306091	565	46
306094	1	1
322332	1	32
322332	211	32
322332	419	32
322332	639	32
322332	942	32
322407	1	32
322407	90	32
322407	214	32
315801	1	49
315800	1	49
316590	1	32
316590	262	32
316590	474	32
319337	1	32
319337	47	32
319337	92	32
319337	694	32
298998	1	1
298997	1	20
298997	4	70
298997	38	0
299000	1	0
299000	4	20
298996	1	0
298996	28	20
301094	1	0
302019	1	0
302019	33	33
306455	1	1
306456	1	49
306456	484	43
306456	625	39
306459	1	38
306459	5	33
306459	357	25
306459	952	16
306459	2020	8
306457	1	39
306454	1	49
306458	1	39
306458	12	33
306458	40	38
306460	1	8
317383	1	32
317382	1	32
317554	1	1
317553	1	1
325057	1	0
325057	22	32
325057	181	32
325057	368	32
317463	1	32
320321	1	32
317080	1	32
322068	1	32
322068	270	32
322068	499	32
322068	723	32
316897	1	32
316900	1	32
316985	1	32
316985	263	32
316984	1	1
322322	1	32
322322	194	32
322322	432	32
322322	723	32
322322	1085	32
322322	1121	32
322322	1181	32
322319	1	32
322319	36	32
322319	82	32
322319	146	32
322324	1	32
322317	1	32
322323	1	1
324877	1	0
324857	1	0
324878	1	0
324878	14	32
324878	107	32
324878	190	32
324878	474	32
324878	778	32
324878	1063	32
324863	1	0
304157	1	1
304158	1	0
304158	163	46
304158	226	39
304158	459	33
304158	708	24
304158	930	16
304158	1144	33
304158	1221	24
304158	2012	16
304156	1	1
305364	1	0
305364	45	65
305365	1	65
305365	443	59
305365	444	65
305365	462	59
305365	569	52
305365	651	46
305365	723	39
305366	1	39
305366	73	33
305366	590	24
305366	1058	16
317475	1	32
317475	91	32
317475	113	32
317479	1	32
317488	1	32
317488	228	32
317488	708	32
317478	1	32
317484	1	32
317484	145	32
317484	424	32
317480	1	32
317482	1	32
317481	1	32
323696	1	32
323696	206	32
323700	1	32
323700	262	32
323702	1	32
323702	185	32
323697	1	1
323693	1	32
323693	110	32
323698	1	1
323699	1	32
323699	69	32
323701	1	1
323692	1	1
318944	1	1
318944	3	0
319310	1	32
323344	1	32
323347	1	32
323349	1	32
323345	1	32
323348	1	32
324420	1	32
324420	4	32
324420	268	32
324420	527	32
324998	1	32
324998	133	32
325000	1	32
325000	261	32
325001	1	32
325001	343	32
324999	1	32
324999	6	32
324997	1	0
324997	29	32
324997	116	32
315357	1	25
315357	2	33
318015	1	32
321415	1	32
321415	384	32
321414	1	32
321414	386	32
321414	627	32
321414	875	32
321414	1240	32
322752	1	32
323980	1	32
323980	8	32
323980	194	32
323983	1	32
323983	139	32
323978	1	32
323976	1	32
323975	None	1
323997	1	32
323997	310	32
299450	1	0
299450	38	46
324237	1	32
324237	174	32
306005	1	49
306005	3	0
305406	1	49
305406	29	46
305406	126	43
305406	238	39
305406	370	38
305406	522	33
305406	1020	25
305406	1462	16
305405	1	49
305405	491	46
305405	544	49
305405	549	49
305766	1	0
305766	54	49
305766	629	46
305766	717	43
305766	829	39
305398	1	49
305398	2	0
305388	1	0
305388	15	49
305388	18	49
305388	21	46
305388	22	8
305388	23	46
305388	26	43
305388	32	39
305388	35	38
305388	37	33
305388	39	25
305388	42	16
305388	45	8
305388	49	8
305388	55	46
317626	1	32
317626	314	32
317626	563	32
317626	846	32
317626	1132	32
317626	1650	32
324846	1	32
324846	261	32
324841	1	32
324841	123	32
324841	450	32
324841	897	32
324840	1	32
324840	9	32
324835	1	32
324835	156	32
316151	1	1
316153	1	32
316153	158	32
316153	392	32
316153	407	32
316153	475	32
316153	684	32
316150	1	1
316149	1	1
317292	1	32
317292	25	32
317292	325	32
317292	336	32
317292	337	32
317292	342	32
317296	1	32
317296	6	32
317295	1	32
317295	4	32
317297	1	32
317297	4	32
317297	357	32
317291	1	32
317291	250	32
317291	540	32
325200	1	0
325200	3	32
325203	1	32
325204	1	32
325202	1	0
325202	8	32
325199	1	0
325199	10	32
301674	1	0
302159	1	0
302159	33	24
302262	1	0
302262	13	8
302262	28	24
302262	33	33
302262	271	24
302263	1	24
302263	530	16
305790	1	1
318018	1	32
319486	1	32
319503	1	32
319503	10	32
319503	261	32
321009	1	32
321009	44	32
321004	1	32
321004	66	32
321004	165	32
321010	1	32
321007	1	32
321007	102	32
321007	433	32
321011	1	32
321012	1	32
321005	1	32
321006	1	32
317709	1	32
320023	1	32
320023	162	32
320025	1	32
320026	1	32
320026	157	32
320022	1	32
320024	1	32
320024	93	32
320024	373	32
322012	1	32
322013	1	32
322014	1	32
302165	1	16
302163	1	0
302163	31	24
302163	456	16
302166	1	16
302322	1	0
302322	27	16
302322	31	24
302322	116	16
315721	1	49
323336	1	32
317527	1	32
317527	395	32
317527	609	32
317527	1043	32
317527	1453	32
319856	1	32
317339	1	32
317340	1	32
317340	39	32
317340	277	32
317338	1	32
324764	1	32
324747	1	32
324747	103	32
324747	106	32
324747	205	32
324747	364	32
324747	563	32
324747	858	32
324765	1	32
324765	42	32
324772	1	32
324769	1	32
324769	244	32
301627	1	0
301627	43	33
301627	45	33
301627	62	24
301627	82	33
301627	264	24
316363	1	32
316363	49	32
316361	1	32
316361	53	32
316362	1	32
316362	7	32
316362	238	32
316360	1	32
316360	23	32
316360	26	32
316360	29	32
316360	33	32
316577	1	32
316577	4	0
316577	10	32
316577	13	32
316577	16	32
316577	20	32
316577	23	32
316577	27	32
316577	31	32
316577	35	32
316577	40	32
316577	44	32
317949	1	32
304153	1	1
304190	1	0
304185	1	59
304185	10	65
304185	13	52
304185	18	46
304185	22	39
304185	25	33
304185	27	24
304185	31	16
304185	33	8
304189	1	0
304189	2	59
304189	8	52
304189	14	46
304189	18	39
304189	20	33
304189	22	24
304189	24	16
304204	1	0
304204	47	59
304204	59	46
304204	61	59
304204	79	65
304204	105	59
304204	259	52
304204	262	46
304204	365	39
305809	1	49
301172	1	0
315533	1	49
315533	9	49
321988	1	32
321988	213	32
321988	463	32
321988	704	32
321988	1023	32
321988	1393	32
321990	1	32
315741	1	49
300087	1	0
300087	35	16
300087	49	8
321949	1	32
315770	1	49
321959	1	32
321960	1	32
321961	1	32
321961	185	32
321958	None	1
300501	1	1
300500	1	59
300497	1	0
300497	25	52
300497	50	59
300498	1	59
300499	1	1
304616	1	0
304616	48	65
304616	287	59
304616	461	52
304616	501	46
304616	580	39
304616	720	33
319950	1	32
320399	1	32
320398	1	32
320397	1	1
320400	1	1
320808	1	1
320809	1	32
320809	698	32
320807	1	1
320804	1	32
320804	52	32
320804	249	32
320804	456	32
320804	465	32
320804	512	32
320804	820	32
320804	1239	32
321775	1	32
321776	1	32
321774	1	32
321774	78	32
321781	1	32
321781	662	32
321777	1	32
321777	89	32
321778	1	32
321778	58	32
321780	1	32
321780	177	32
321780	508	32
321773	1	0
321773	3	32
306030	1	49
306029	1	0
306029	3	0
306029	10	0
306029	17	0
306029	24	0
306029	30	0
306029	35	0
306029	41	0
306029	47	0
306029	58	0
306029	62	49
306029	73	49
316766	1	32
316766	363	32
316766	588	32
316766	871	32
316766	1267	32
316766	1897	32
299496	1	0
305516	1	0
305516	27	49
305516	42	49
305516	64	49
305516	232	46
305516	557	49
305516	611	46
305518	1	39
305518	129	38
305518	328	33
305518	837	25
305515	1	1
305517	1	46
305517	37	43
320195	1	32
320840	1	32
320840	76	32
320840	349	32
320841	1	32
320841	194	32
320838	1	32
320838	146	32
320839	1	1
320004	1	1
320009	1	32
320006	1	32
320006	17	32
320006	201	32
320002	1	32
320005	1	1
320010	1	32
320010	4	32
320010	86	32
320008	1	32
320008	4	32
320008	5	32
320011	1	32
320007	1	32
320007	128	32
320012	1	32
320012	13	32
320003	1	1
316379	1	32
316378	1	32
316376	1	1
316380	1	32
316380	57	32
316380	319	32
316380	391	32
316380	607	32
316380	1002	32
316377	1	32
320097	1	32
320128	1	32
317648	1	32
317649	1	32
317649	41	32
317649	239	32
317649	541	32
317650	1	32
317650	197	32
317650	751	32
321665	1	32
321652	1	32
321652	3	0
321652	11	32
321652	12	32
321652	14	32
321652	16	32
321652	18	32
321652	21	32
321652	23	32
321652	25	32
321652	28	32
321652	32	32
321652	34	32
321652	37	32
321652	41	32
321652	44	32
321653	1	32
321653	4	0
321653	11	32
321653	13	32
321653	16	32
321653	18	32
321653	21	32
321653	23	32
321653	25	32
321653	28	32
321653	31	32
321653	33	32
321653	36	32
321653	39	32
321653	43	32
321653	46	32
