254790	1	160
254790	3	1
254833	1	160
254833	126	1
254833	317	1
254879	1	160
254879	33	1
254905	1	160
254905	39	1
254906	1	1
254913	1	160
254914	6	160
256674	1	3
257461	1	60
257461	35	3
257461	38	15
257461	69	3
257804	1	1
257804	6	3
257816	1	3
258159	1	3
258312	1	3
258313	1	3
258319	1	3
259464	1	1
259453	1	1
259456	1	1
259457	1	1
259458	1	1
260627	1	60
260627	4	15
260627	108	21
260627	128	15
260627	213	21
260627	575	15
253946	1	5
253952	1	5
254229	6	160
254380	8	800
254380	9	5
254415	1	800
254416	1	262139
254416	40	20
254608	1	20
254608	515	20
254608	656	20
257612	1	3
257613	1	3
260478	1	10
272612	1	0
272617	1	0
272674	1	0
272674	21	1
272761	1	1
251161	1	0
251167	1	10
251252	1	10
251493	1	0
251493	6	10
251499	1	10
251521	1	10
251548	1	0
251548	28	10
254280	1	1
254283	5	800
254283	9	5
254284	43	5
254437	1	3200
254437	4	262139
254437	54	20
254437	65	20
254450	1	20
254458	1	20
256730	1	3
257487	1	60
257487	13	3
257821	1	3
257968	1	60
257968	7	3
257968	11	60
257968	12	3
258129	1	60
258129	17	3
258152	1	60
258155	1	60
258155	14	3
258156	1	3
258157	1	3
258210	1	15
258213	1	60
258213	12	3
258287	1	3
258434	1	3
258432	1	3
258440	1	3
258442	1	3
258443	1	3
258444	1	3
258446	1	3
258448	1	3
258656	1	15
258656	70	3
258690	1	5
259721	1	1
272760	1	0
272760	11	1
272774	1	0
272774	10	1
272771	1	0
272771	4	1
272775	1	1
272775	119	1
272775	125	1
272776	1	1
272776	37	1
272776	48	1
272829	1	4
272828	1	5
272828	50	4
272827	1	0
272827	12	5
256925	1	15
256926	1	15
256926	41	3
260571	1	15
260568	None	1
260572	1	15
260576	1	15
260577	1	15
260570	1	15
260575	1	15
272922	1	0
272922	19	1
272924	1	1
272927	1	1
272927	11	1
272927	64	1
272929	None	1
272930	1	5
272930	17	1
272930	156	0
272930	160	1
272921	1	0
272923	1	1
272925	None	1
272926	1	1
272936	1	5
272935	1	0
272935	5	5
272935	30	0
272935	66	5
273017	1	0
273017	11	5
273063	1	5
273012	1	0
273012	5	0
273013	1	5
273136	1	0
273136	4	5
251163	1	10
251562	1	10
251604	1	0
251604	16	10
251633	5	65537
251635	31	65537
256865	1	3
256866	1	3
256867	1	3
256867	26	1
256867	55	3
256867	56	1
256868	1	1
256868	382	3
256869	1	3
256924	1	60
256924	11	15
257682	1	3
257682	75	1
257751	1	3
258174	1	60
258174	22	3
258174	161	15
258175	1	3
258177	1	3
258211	1	60
258214	1	3
258215	1	3
258282	1	60
272907	1	0
272907	12	1
272908	1	0
272908	5	1
273006	1	0
273006	4	0
273138	1	5
273150	1	0
273150	4	5
273150	40	1
273143	1	1
273145	1	1
273142	None	1
273146	1	5
273158	1	1
273158	17	5
273158	32	1
273276	1	0
253887	43	5
254279	1	160
254279	5	1
254279	9	160
254279	10	1
256842	1	60
256842	6	3
258742	1	15
258749	1	15
258750	1	15
258959	1	60
258959	12	3
272681	1	0
272681	11	4
272682	1	0
272680	1	1
272680	13	5
272728	1	0
272728	58	0
272728	104	1
272729	1	1
272746	1	0
272747	1	0
272748	1	0
272748	9	1
272750	1	1
272762	1	1
272786	1	1
272787	1	1
272782	1	0
272782	48	1
272785	1	1
272784	1	1
272783	1	1
272798	1	2
272798	90	1
272791	1	0
272791	21	1
272809	1	0
272814	1	0
272818	1	4
272807	1	0
272812	1	5
272816	1	4
272811	1	5
272815	1	0
272815	6	4
254282	6	800
254282	9	5
254289	1	5
256935	1	60
256935	2	3
256936	1	3
256941	1	3
257024	1	60
257398	1	3
257399	1	3
257460	1	60
257490	1	3
257529	1	60
257529	4	3
257529	11	60
257529	12	3
257598	1	3
257599	2	3
258335	1	3
258403	1	60
258403	9	3
258403	18	60
258403	19	3
258423	1	3
258425	1	3
258427	1	3
258428	1	3
258703	1	15
258703	262	3
260583	1	60
260583	3	15
254230	1	40
254230	21	1
254232	1	1
256629	1	3
256630	1	3
256672	1	60
256672	7	3
256673	1	3
251522	1	10
251523	1	5
251559	1	0
251559	65	5
251560	1	10
251561	1	10
251612	1	0
251612	11	10
251636	1	65537
251640	1	5
254293	1	5
254294	1	5
254308	1	5
254310	1	5
254362	1	5
257027	1	3
257397	1	3
257400	1	3
257824	1	3
258310	1	15
272023	1	0
251121	1	65537
253947	1	5
253948	1	5
253950	1	5
253954	1	160
253954	6	1
254226	18	1
254290	1	5
254292	1	5
254306	1	800
254306	7	5
254306	10	800
254306	11	5
254307	1	5
257805	1	3
259636	1	60
259636	2	15
259636	6	60
259636	7	15
259636	51	3
259637	1	60
259637	4	3
259686	1	3
259683	1	15
259685	1	15
259685	400	3
259682	1	15
259681	1	60
259681	5	15
260533	1	3
260534	1	3
260538	1	3
260532	1	15
260532	686	3
260510	1	262139
260510	19	60
260528	1	60
260540	1	3
260536	1	3
260507	1	262139
260541	1	3
260527	1	60
260593	1	60
260593	3	15
260593	7	60
260593	8	15
260727	1	60
260722	None	1
260723	None	1
251637	1	65537
251638	1	0
251638	6	10
251638	8	0
251638	9	10
251643	1	10
251721	1	10
251721	3	10
251721	90	10
251721	98	10
251864	1	5
251864	20	5
252126	5	10
252126	6	10
252126	31	46
253886	8	200
253886	11	5
253888	76	5
253890	104	5
253890	161	5
253890	204	5
253890	240	5
253890	253	5
253943	1	800
254368	1	5
254453	1	20
254530	1	3200
254530	4	20
254530	6	3200
254530	7	20
254532	1	20
254852	1	160
254852	55	1
259626	1	60
259626	98	1
259811	1	3
259820	1	3
259820	16	15
259820	18	3
259820	19	15
259820	87	3
259818	1	3
259821	1	3
259810	1	15
259810	112	3
259810	227	5
259812	1	3
259813	1	3
259809	1	15
259817	1	3
259822	1	3
259822	75	15
259822	232	3
259822	233	15
251164	7	10
251251	1	10
251251	2	10
253944	1	800
253944	10	5
254231	1	1
254607	1	3200
254607	6	20
256734	1	3
256843	1	3
257645	1	3
257825	1	3
258125	1	60
258692	1	15
258694	1	15
258705	1	3
258706	1	3
258712	1	3
258713	1	3
258714	1	3
258741	1	15
259884	1	60
259884	11	3
259884	41	15
259884	82	3
259884	115	15
259891	1	3
259890	1	15
259890	23	3
251781	1	10
251781	16	10
252102	1	10
252102	3	46
252116	1	46
252116	34	138
252116	43	524278
252116	91	46
254459	1	20
254512	1	20
256727	1	3
256796	1	15
256798	1	3
257025	1	15
258445	1	3
258655	1	60
258655	6	3
258655	10	15
258702	1	15
251642	1	10
251883	1	10
251883	6	10
251883	70	10
253951	5	5
254227	1	1
254285	65	5
254285	296	5
254316	127	5
254319	53	5
254331	6	200
254332	12	800
254332	14	262139
254332	73	5
254341	1	5
254342	1	5
254349	6	262139
254349	44	5
254367	1	5
254451	1	20
254454	1	20
254455	1	20
254456	1	20
254457	1	20
254511	1	3200
254511	7	20
254907	1	1
256677	1	3
256728	1	3
256729	1	3
256733	1	3
257393	1	3
257395	1	3
257396	1	3
257531	1	3
257611	1	3
257614	1	3
257644	1	3
257732	2	1
257748	1	3
257818	1	3
257969	1	3
258126	1	15
258136	1	3
258311	1	3
258745	1	15
260373	1	1
260371	1	15
260366	1	60
251496	1	10
251496	227	10
251496	243	10
251497	1	10
251498	1	10
251500	1	10
257721	1	60
257721	23	1
257722	1	1
257723	1	1
257735	1	60
257735	3	1
257735	4	60
257735	5	1
257750	1	3
257819	1	3
257822	1	3
259857	1	60
259857	3	15
259861	1	15
259862	1	15
259862	271	3
259859	1	5
251162	32	0
251162	46	10
251162	52	5
251168	1	10
251244	1	0
251244	8	10
251491	1	0
251716	1	10
254309	1	5
254313	10	5
254314	42	5
254315	72	5
254317	1	5
254318	24	5
254340	1	800
254340	7	5
254340	13	262139
254340	42	5
256675	1	3
256676	1	3
256725	1	60
256725	3	3
256801	1	3
257026	1	15
257394	1	3
257823	1	3
258158	1	3
258320	1	3
258334	1	15
258426	1	3
260426	1	15
260427	1	15
260427	58	3
260439	1	3
260425	1	15
260424	1	15
260422	1	15
260433	1	3
260431	1	3
260423	1	15
260608	None	1
273408	1	1
273408	4	1
273410	1	5
273402	1	0
273402	10	3
273402	46	3
273402	59	3
273402	79	1
273402	190	3
273402	255	3
273403	1	1
273405	1	1
273407	None	1
273409	1	5
273412	1	5
273406	1	1
273411	1	5
273404	1	1
273554	1	0
273554	63	20
273555	1	20
273730	1	12
273730	287	4
273730	295	12
273730	1491	4
273725	1	0
273725	7	12
273725	109	20
273725	1224	12
273728	1	12
274317	1	10
274315	1	40
274319	1	40
274314	1	40
274316	1	40
274318	1	40
274373	1	40
274421	1	40
274422	1	40
274422	363	28
274422	1159	20
274422	1734	12
274420	1	40
274958	1	12
274959	1	12
274953	1	40
274953	11	12
274954	1	40
274954	31	12
274955	1	12
274957	1	40
274957	4	12
274957	11	0
274957	14	12
275832	1	60
275832	202	48
275846	1	7
275834	1	48
275834	170	40
275835	1	40
275841	1	28
275837	1	28
275828	1	60
275836	1	40
275836	769	28
275829	1	60
275831	1	60
275833	1	48
275838	1	28
275847	1	28
275847	671	20
274249	1	40
274251	1	40
274251	273	28
274250	1	40
274278	1	40
274334	1	0
274334	5	40
274336	1	40
274344	1	0
274344	6	28
274344	35	20
274344	398	12
274335	1	40
274339	1	28
274345	1	12
274337	1	40
274338	1	40
274338	38	28
274382	1	40
274889	1	40
274917	1	40
274909	1	40
274904	1	40
274895	1	40
274888	1	10
274913	1	40
274905	1	40
274894	1	40
274999	1	40
274999	218	28
274998	1	48
274998	61	40
275000	1	28
275001	1	28
275001	1086	20
275021	1	40
275030	1	40
275035	1	40
275034	1	40
275062	1	15
275059	1	40
275059	67	48
275059	89	60
275068	1	40
275068	826	28
275064	1	48
275074	1	28
275067	1	48
275067	288	40
275073	1	40
275073	8	28
275063	1	15
275063	10	12
275066	1	48
275134	1	40
275865	1	60
275865	42	48
273394	None	1
273502	1	0
273502	15	12
273503	1	12
273504	1	0
273523	1	4
273514	1	4
273514	21	4
273526	1	4
273526	8	4
273537	1	4
274102	1	1
274104	1	4
274104	36	4
274103	1	1
274106	1	4
274107	1	1
274108	1	4
274105	1	4
275124	1	40
275124	85	48
275124	309	40
275125	1	40
275125	757	28
275337	1	40
275319	1	40
275319	142	48
275319	280	40
275326	1	40
275338	1	40
275338	256	28
275370	1	40
275370	65	48
275371	1	48
275371	36	40
275752	1	15
275767	1	12
275757	1	60
275763	1	60
275774	1	48
275774	232	40
275765	1	12
275773	1	12
275772	1	48
275777	1	40
275768	1	48
275776	1	40
275778	1	40
275782	1	60
275782	4	28
275759	1	15
275761	1	60
275769	1	48
273424	1	0
273424	6	5
273425	1	0
273425	8	3
273425	54	5
273425	61	3
273426	1	3
273589	1	4
273592	1	4
273590	1	4
274748	1	0
274799	1	0
274733	1	0
274656	None	1
274806	1	40
274806	11	12
274806	14	1
275310	1	28
275310	1932	20
275308	1	40
275309	1	40
275309	380	28
273286	1	0
273295	1	1
273301	1	1
273302	1	1
273290	1	0
273290	4	1
273290	13	5
273291	1	5
273292	1	5
273296	1	5
273296	14	1
273287	1	0
273287	44	1
273294	None	1
273299	1	1
273443	1	0
273443	25	20
273440	1	0
273440	5	0
273447	1	20
273446	1	20
273450	1	12
273433	1	5
273442	1	0
273442	5	0
273445	1	5
273432	None	1
273449	1	0
273449	7	12
273429	1	5
273444	None	1
273448	1	20
273448	379	12
273492	1	0
273492	30	40
273492	41	1
273492	55	12
273493	1	0
273493	4	12
273494	1	12
274083	1	1
274081	1	1
274303	1	40
274877	1	40
274877	5	0
274877	69	1
274945	1	12
274943	1	12
274982	1	10
274985	1	10
274983	1	10
274990	1	40
274990	4	48
274990	15	40
275045	1	10
275046	1	10
275260	1	10
275189	1	40
275234	1	40
275284	1	40
275285	None	1
275283	1	40
275291	1	40
275291	278	28
275282	1	48
275282	141	40
275290	1	40
275292	1	28
275286	1	40
275289	1	40
275293	1	28
275311	1	20
275375	1	40
275375	81	48
275375	250	40
275375	1181	28
275376	1	28
275376	1971	20
275376	3014	12
274094	1	12
274172	1	0
274172	7	40
274172	55	28
274169	1	10
274171	1	0
274170	1	0
274170	7	10
274197	1	0
274197	4	28
274200	1	0
274200	5	28
274200	74	20
274198	1	28
274198	115	40
274199	1	40
274199	14	28
274236	1	0
274236	8	40
274243	1	0
274240	1	40
274239	1	40
274244	1	0
274244	15	20
274244	152	12
274241	1	40
274241	442	28
274241	853	20
274968	1	40
274968	8	60
274968	270	40
274968	277	60
274968	314	40
274971	1	28
274970	1	28
274966	1	40
274966	32	12
274966	61	40
274967	1	40
274969	1	40
274969	115	28
275451	1	10
275420	1	40
275588	1	40
275588	3	28
275601	1	40
275603	1	40
275674	1	48
275764	1	60
275764	19	48
275766	1	48
275781	1	60
275781	4	40
275781	15	28
275783	1	28
275783	1256	20
275758	1	15
275760	1	15
273373	1	0
273373	11	1
273385	1	0
273385	7	0
273383	None	1
273386	1	0
273386	4	0
274080	1	1
274079	1	0
274079	8	1
274125	1	0
274161	1	20
274159	1	20
274157	1	0
274157	20	40
274157	355	0
274157	359	28
274157	484	20
274160	1	20
274282	1	40
274284	1	40
274283	1	40
274285	1	10
274286	1	40
274440	1	40
274441	1	40
274441	333	28
274443	1	28
274442	1	28
274868	1	40
274861	1	40
274880	1	1
275476	1	40
275658	1	48
275658	211	40
275658	232	48
275656	1	40
275656	113	48
275657	1	48
275657	9	60
275657	49	48
275659	1	48
274087	1	1
274088	1	1
274142	1	20
274147	1	5
274146	1	0
274146	4	20
274387	1	40
274388	1	40
274388	756	28
274388	1755	20
274981	1	10
274980	1	10
275344	1	40
275344	77	48
275345	1	40
163481	1	10
163737	1	20
163737	3	15
163758	1	15
163759	1	15
163759	182	10
175832	1	100
175832	35	40
175832	81	10
175860	1	20
178100	1	60
178101	1	60
178365	1	100
178365	209	80
178365	610	60
178367	1	60
194076	1	60
194076	564	60
195947	1	0
195947	3	70
195948	1	70
196351	1	70
196351	37	80
196351	50	70
196364	1	70
196364	815	60
200229	1	70
200229	85	70
202973	1	50
202973	1312	50
205777	1	50
206605	1	50
208352	1	50
208395	1	50
276453	1	60
276453	42	28
276454	1	60
276454	8	28
276457	1	28
276437	1	60
276437	240	48
276437	762	40
276437	1882	28
276458	1	28
276458	233	20
276455	1	28
276456	1	28
278308	1	75
278308	325	60
278308	986	50
278308	1330	40
278310	1	40
278310	674	30
278309	1	40
279716	1	60
279716	30	50
279716	353	40
279716	1271	30
279715	1	90
279715	197	75
279715	531	60
280239	1	18
280235	1	18
280236	1	18
280238	1	18
280241	1	90
280249	1	60
280249	58	50
280249	406	40
280249	1268	30
280233	1	18
280240	1	18
280242	1	90
280242	10	100
280242	86	90
280242	242	75
280242	510	60
280251	1	30
280234	1	18
281565	1	90
281624	1	90
281626	1	90
281632	1	90
281639	1	90
281639	23	75
281639	32	90
281639	111	75
281641	1	90
281641	3	75
281641	24	60
281641	33	50
281641	36	60
281641	139	50
281636	1	90
281636	5	60
281637	1	12
281638	1	60
281638	18	75
281638	21	90
281674	1	100
281674	11	100
281674	15	100
281689	1	20
281671	1	20
281693	1	100
281693	11	90
281693	194	75
281693	420	60
281693	615	50
281693	900	40
281693	1721	30
281685	1	20
281658	1	20
281686	1	100
281663	1	100
281663	116	100
281663	121	100
281662	1	100
281691	1	100
281680	1	100
281680	9	100
281659	1	20
281727	1	40
281727	526	30
281727	1529	20
281726	1	50
281726	42	40
281707	1	100
281707	99	100
281707	102	100
281707	151	100
281707	156	100
281707	193	100
281707	322	90
281707	475	75
281707	684	60
281707	873	50
167784	1	10
170826	1	15
170826	48	10
204100	1	80
204100	144	10
204545	1	50
204545	94	50
205667	1	50
205667	202	50
207328	1	0
207889	1	50
207889	33	50
276586	1	40
276586	24	28
276581	1	60
276581	330	48
276582	1	48
276582	443	40
276583	1	40
276584	1	10
276585	1	40
276587	1	28
276835	1	5
276837	1	20
276831	1	60
276831	125	48
276831	665	40
276831	1485	28
276834	1	28
276834	411	20
276824	1	60
276832	1	60
276832	6	28
276836	1	20
276830	1	15
279080	1	90
279080	80	20
279588	1	90
279588	206	75
279588	208	90
279588	281	75
279588	464	60
279588	706	50
279588	990	40
281588	1	90
281588	17	20
281589	1	18
281731	1	100
281797	1	100
281797	185	100
281797	386	90
281797	564	75
281797	776	60
281797	984	50
281797	1211	40
281797	2169	30
281824	1	20
281885	1	100
281964	1	20
281976	1	90
281976	203	75
281976	311	60
281976	531	50
281976	710	40
281976	1077	30
281976	1111	20
281976	1119	30
281976	1242	40
281976	1362	30
281976	2058	20
281975	1	100
281975	27	100
281975	166	90
281974	1	100
281974	16	90
163270	1	10
178380	1	60
178420	1	80
178420	5	48
178420	47	80
178420	54	48
178479	1	130
178479	3	48
178479	68	80
178479	189	8
178479	637	6
190662	1	70
191202	1	70
193334	1	70
193917	1	60
195014	1	70
195015	1	70
195749	1	63
200091	1	0
200091	2	70
200091	701	70
206207	1	0
206207	3	80
206207	148	50
206550	1	80
206550	76	50
207316	1	50
276326	1	10
276318	1	48
276318	350	40
276317	1	48
276327	1	60
276327	56	40
276315	1	60
276315	126	48
276870	1	80
276870	78	72
276870	137	60
276870	488	48
276870	1040	40
276870	1803	28
276864	1	80
276935	1	80
276935	81	72
276935	265	60
276935	483	48
276935	496	60
276935	604	48
278273	1	90
278273	67	75
278273	84	60
278274	1	60
281010	1	90
281117	1	90
281117	10	1
281393	1	90
281393	8	1
281419	1	90
281419	8	1
281439	1	1
281382	1	90
281382	6	1
281443	1	1
281454	1	90
281454	3	1
281398	1	90
281398	4	1
281403	1	90
281403	11	1
282033	1	125
282033	81	100
282033	111	100
282033	115	90
282034	1	90
282035	1	90
282035	12	75
282035	34	60
282037	1	90
282037	15	75
282037	67	90
282037	203	75
282037	426	60
282037	645	50
282037	865	40
282037	1490	30
282036	1	18
163765	1	10
163793	1	15
194314	1	60
195644	1	70
205627	1	50
205627	123	50
276659	1	60
276659	3	28
276655	1	40
276655	828	28
276653	1	60
276653	74	48
276653	541	40
276886	1	20
276922	1	80
276923	1	80
277096	1	60
277096	8	48
277096	556	40
277096	1319	28
277093	1	80
277093	60	72
277094	1	72
277094	253	60
277112	1	80
277112	38	28
277305	1	80
277305	116	72
277305	319	60
277305	681	48
279298	1	90
279296	1	18
279289	1	90
279297	1	90
280186	1	90
280194	1	90
280194	14	40
280191	1	75
280191	205	60
280191	406	50
280191	728	40
280187	1	90
280187	16	100
280190	1	15
280188	1	100
280188	66	90
280188	219	75
280182	1	18
280181	1	18
280192	1	18
280193	1	8
280185	None	1
280189	1	15
282092	1	125
282092	4	100
282092	96	100
282092	111	100
282092	248	90
282092	429	75
282092	598	60
282092	815	50
282092	1074	40
282092	1836	30
282175	1	125
282175	10	100
282194	1	125
282190	1	125
282181	1	125
282184	1	125
282188	1	25
163479	1	10
163869	1	15
165088	1	1
165098	1	120
165098	78	1
165163	1	120
165205	1	8
165399	1	10
170307	1	5
170348	1	25
170348	6	10
170348	105	15
170348	113	10
170348	143	7
170354	1	7
170354	291	5
171106	1	15
171106	29	10
171117	1	10
171219	1	20
172791	1	30
172791	68	20
172791	665	15
172799	1	15
172799	203	10
195913	1	70
195930	1	70
195930	150	60
195936	1	1
196131	1	70
196497	1	70
198022	1	0
198022	73	70
198022	101	90
198022	109	70
198022	113	600
202205	1	80
202205	93	70
202207	1	10
202208	1	10
202209	1	70
202237	1	80
202237	102	70
202237	986	70
205310	1	80
205310	75	50
205718	1	80
205718	168	50
205718	703	50
206088	1	80
206088	93	50
206102	1	80
206102	60	50
206102	64	80
206102	83	50
206188	1	50
206868	1	50
206869	1	50
207885	1	50
277125	1	80
277127	1	72
277127	13	60
277127	356	48
277127	855	40
277126	1	80
277126	31	72
277580	1	20
277559	1	80
277981	1	40
277981	85	20
277992	1	12
277991	1	80
277991	7	12
278239	1	80
278239	79	60
278239	381	48
278240	1	48
278240	65	40
278240	778	28
278315	1	75
278315	233	60
278315	488	50
278572	1	90
278820	1	90
278820	22	75
278820	25	90
278820	106	75
278820	411	60
278820	645	50
278820	956	40
278821	1	40
278816	1	90
163480	1	10
163482	1	10
163592	1	10
163593	1	10
163658	1	15
163755	1	1
163756	1	1
165402	1	10
167551	1	10
171315	1	20
173657	1	80
173657	5	50
173657	57	40
173657	69	50
173657	91	40
173658	1	40
173660	1	40
173660	365	1
175877	1	40
175881	1	40
176933	1	60
176933	82	50
191419	1	70
191419	36	70
193123	1	70
195099	1	70
195110	1	70
195112	1	70
195113	1	70
195647	1	70
195748	1	7
198955	1	70
198955	351	70
199409	1	70
199409	616	70
200152	1	70
200160	1	70
200161	1	70
200174	1	70
200176	1	70
200177	1	70
200525	1	70
200525	749	70
200599	1	70
200600	1	70
200600	642	70
201611	1	80
201611	132	70
202092	1	10
202301	1	70
202303	1	70
202305	1	70
202314	1	80
202314	190	70
202328	1	80
202328	136	70
202331	1	10
202332	1	10
202333	1	70
202389	1	80
202389	127	70
202389	211	0
202469	1	80
202469	141	70
202471	1	10
202472	1	70
202476	1	10
202477	1	70
202478	1	70
202478	230	70
202504	1	80
202504	83	70
202504	735	70
202869	1	0
203833	1	50
203834	1	50
203835	1	50
203835	318	50
203853	1	80
203853	122	50
203894	1	80
203894	86	50
203894	485	50
203909	1	0
203909	3	80
203909	192	50
203981	1	50
203986	1	50
204803	1	80
205236	1	80
205236	3	50
205614	1	50
205683	1	80
205683	76	50
206897	1	80
206897	29	50
206901	1	50
206940	1	50
206940	596	50
207099	1	80
207099	150	50
207099	923	50
207100	1	50
207214	1	0
207214	14	80
207214	151	50
207217	1	50
207222	1	50
276525	1	60
276525	89	48
276525	620	40
276525	1490	28
276527	1	28
276528	1	28
276528	328	20
276808	1	48
276808	512	40
276811	1	40
276811	216	28
276811	2170	20
276807	1	60
276807	158	48
276810	1	40
278072	1	80
278167	1	80
278167	86	48
278167	431	40
278167	1098	28
278175	1	80
278175	4	28
278175	63	20
163338	1	10
163358	1	10
163372	1	10
163375	1	6
163376	1	6
163378	1	6
163387	1	10
163483	1	10
163584	1	15
163585	1	15
163586	1	15
163591	1	15
163753	1	15
163754	1	15
163760	1	10
163761	1	10
163795	1	15
163795	24	20
163795	33	15
163796	1	15
163817	1	20
163817	118	15
165241	1	1
170292	1	5
175873	1	50
175873	25	50
175874	1	50
175874	14	50
175874	33	50
175874	52	50
175910	1	50
175921	1	100
175921	34	10
175921	47	40
175921	57	60
175921	177	50
175921	183	60
175976	1	40
176167	1	60
176289	1	60
176702	1	80
176702	124	60
176702	399	50
176797	1	80
176797	197	60
193093	1	70
193093	16	70
194116	1	1
194428	1	60
195016	1	63
195016	440	70
195265	1	70
196099	1	70
199868	1	70
199875	1	70
199877	1	70
199960	1	70
199961	1	70
199961	188	70
199967	1	70
199973	1	70
200041	1	70
200041	652	70
201191	1	0
201191	7	70
201191	88	80
201191	140	70
201191	875	70
201676	1	10
201678	1	70
201708	1	70
201727	1	80
201727	78	70
203992	1	50
207488	1	50
207714	1	0
207714	4	80
207714	71	0
208307	1	80
208307	11	50
208307	630	50
278817	1	90
278819	1	90
278822	1	40
278822	218	30
278822	1472	20
278822	1504	12
279207	None	1
279205	None	1
279479	1	90
279479	32	60
279479	124	20
279488	1	40
279487	1	40
279487	36	40
279487	38	40
279487	55	40
279489	1	40
279484	1	40
279480	1	8
279480	4	8
279546	1	90
279557	1	90
279539	1	90
279538	1	18
279538	5	12
279553	1	90
173662	1	30
173663	1	30
173692	1	100
173692	3	50
173692	90	40
173692	928	30
173692	2251	20
193922	1	60
194051	1	60
195109	1	70
195111	1	70
195115	1	70
195163	1	70
195664	1	63
195664	2	60
195747	1	7
195747	6	10
195747	7	7
195927	1	70
196107	1	70
196197	1	0
196197	3	70
196199	1	70
196203	1	70
196353	1	70
196458	1	60
199703	1	70
199739	1	0
199739	3	70
199745	1	70
199751	1	70
199752	1	70
199753	1	70
199754	1	70
199754	11	70
200187	1	10
200228	1	70
201807	1	70
201808	1	70
201810	1	70
202876	1	0
202909	1	0
207515	1	0
207515	3	80
207515	213	50
207515	1072	50
277202	1	80
277202	46	28
277194	1	72
277194	336	60
277194	711	48
277194	1275	40
277194	2028	28
277201	1	20
277863	1	80
277861	1	20
277860	1	1
277862	1	20
277864	1	80
279543	1	90
279584	1	90
279667	1	90
279667	107	100
279667	145	90
279667	310	75
279667	584	60
279667	785	50
279691	1	90
279691	94	100
279694	1	100
279694	44	90
279694	248	75
279694	524	60
279694	745	50
279694	1036	40
279694	1913	30
280952	1	18
280953	1	18
280958	1	18
280960	1	18
280946	1	18
165120	1	120
165120	28	3
177182	1	13
177182	2	8
177878	1	60
179410	1	80
179410	16	8
179431	1	130
179431	3	80
195655	1	70
199804	1	70
199804	561	70
200042	1	70
200049	1	70
200049	320	70
201803	1	70
201805	1	70
203742	1	50
204564	1	50
204564	436	50
204566	1	50
205214	1	10
205233	1	0
205233	5	80
205235	1	10
205599	1	80
205834	1	50
275963	1	60
278337	1	75
278322	1	75
279794	1	90
279794	79	100
279794	157	90
279794	341	75
279794	628	60
279794	870	50
280955	1	90
280938	1	18
280948	1	18
280947	1	18
281084	1	18
281085	1	90
281165	1	1
281155	1	1
281166	1	90
281166	5	1
281167	1	90
165233	1	1
167913	1	6
167913	13	10
167913	15	6
167913	361	3
170255	1	5
170303	1	5
170304	1	5
170406	1	5
172819	1	30
172819	42	20
178099	1	60
179547	1	130
179547	5	80
179547	234	48
179977	1	80
179977	141	8
190688	1	70
190688	4	70
200178	1	70
201005	1	70
201005	49	70
201097	1	70
201097	500	70
201113	1	1
201114	1	70
201173	1	70
201174	1	70
201174	415	70
201176	1	10
201624	1	80
201624	176	70
201625	1	70
201625	738	70
201692	1	80
201692	130	70
201705	1	80
201705	79	70
201706	1	70
204600	1	50
204797	1	80
205193	1	0
205193	4	80
205193	61	50
205193	65	80
205193	100	50
205193	805	50
205217	1	50
205237	1	50
205238	1	50
205238	164	50
205303	1	80
205303	38	50
205344	1	50
205344	377	50
205515	1	80
205515	84	50
206066	1	0
206066	6	80
206066	134	50
206304	1	50
206389	1	0
206389	4	80
206389	124	50
206390	1	50
206391	1	50
206446	1	0
206446	5	80
206446	147	50
206446	967	50
206466	1	80
206466	79	50
206476	1	80
206575	1	50
206744	1	80
206744	51	50
206859	1	0
206859	3	80
206859	162	50
206866	1	50
206866	216	50
207269	1	0
207269	4	80
207269	88	50
207273	1	50
207273	310	50
278018	1	60
278018	195	48
278018	702	40
278017	1	80
278017	429	72
278017	455	60
278769	1	90
278770	1	90
278770	42	75
278770	435	60
278770	645	50
279071	1	90
279071	70	40
279071	158	30
279073	1	6
279072	1	6
279115	1	90
279115	123	40
279115	216	50
279115	248	60
279115	295	75
279115	351	90
279115	564	30
279116	1	75
279116	163	60
279116	391	50
279654	1	90
279654	14	75
279654	306	60
279654	506	50
279654	831	40
279658	1	40
279658	173	30
279657	1	8
279653	1	90
279656	1	40
280361	1	18
280327	1	90
280330	1	90
280330	187	75
280330	470	60
280330	690	50
280363	1	90
280363	3	30
280363	5	40
280363	243	30
280349	1	50
280349	151	40
280349	471	30
280349	481	40
280364	1	30
280364	1202	20
280362	1	18
281090	1	90
281089	1	18
281088	1	18
281145	1	1
281164	1	1
281178	1	90
281178	22	1
281156	1	1
281189	1	1
281201	1	1
281242	1	1
281280	1	1
281222	1	1
281209	1	1
281285	1	1
281286	1	90
281286	5	1
281213	1	90
281213	17	1
281256	1	90
281256	14	1
281216	1	1
281200	1	1
281202	1	90
281265	1	1
281227	1	1
281207	1	1
281208	1	90
163369	1	10
163377	1	6
167674	1	10
170876	1	10
170876	181	7
170876	415	5
170901	1	5
171088	1	1
175866	1	20
176202	1	60
176207	1	60
176207	94	50
176698	1	100
190462	1	70
190591	1	70
190591	12	70
191090	1	70
191090	56	0
193998	1	60
195013	1	70
195776	1	70
195776	426	60
195868	1	70
195915	1	70
195917	1	70
195919	1	70
195925	1	70
195970	1	0
195970	2	70
200991	1	70
200991	550	70
201200	1	70
201200	157	70
201229	1	80
201229	54	70
201658	1	80
201658	3	70
201668	1	80
201668	107	70
201671	1	70
201671	559	70
201679	1	70
203991	1	50
203994	1	50
204553	1	50
205111	1	0
205111	4	80
205111	89	50
205111	92	80
205111	114	50
205611	1	10
205826	1	80
205826	85	50
205908	1	80
205921	1	80
205921	25	50
206258	1	50
206297	1	0
206297	4	80
206302	1	80
206302	35	50
206539	1	80
206939	1	0
206939	4	80
206939	34	50
207219	1	50
207219	4	50
207220	1	50
207371	1	80
207371	72	50
207397	1	80
207397	29	50
207397	32	80
207397	60	50
207477	1	80
207477	178	50
278270	1	90
278270	9	1
280226	1	90
280226	23	100
280384	1	100
280384	15	90
280385	1	90
280385	178	75
280385	466	60
280385	631	50
280385	1011	40
280385	2002	30
280383	1	90
280383	68	100
281231	1	90
281231	7	1
172868	1	20
172868	554	15
172868	1755	10
173236	1	80
173236	4	60
173236	76	50
175833	1	10
175834	1	10
175835	1	10
175857	1	100
175857	25	40
175857	31	20
175858	1	20
175888	1	40
178102	1	60
178110	1	130
178110	2	100
178110	259	80
178151	1	130
178151	45	100
178424	1	36
190492	1	70
191421	1	70
193928	1	60
194108	1	60
194108	821	60
194224	1	60
199862	1	70
199863	1	10
199864	1	70
199867	1	70
199867	87	70
200992	1	70
201115	1	70
201159	1	0
201159	4	70
201164	1	70
201168	1	70
201168	198	70
201554	1	80
201554	93	70
202000	1	0
202000	18	80
202084	1	80
202084	87	70
205519	1	50
205519	281	50
275918	1	40
275920	1	40
275920	13	28
275923	1	28
275911	1	60
275911	259	48
275912	1	48
275912	261	40
275931	1	28
275913	1	40
275921	1	28
275922	1	7
276094	1	15
276093	1	15
276097	1	60
276097	107	48
276095	1	15
276092	1	60
276096	1	15
278287	1	18
278288	1	90
278288	74	60
278289	1	60
278290	1	60
279304	None	1
279311	None	1
280307	1	90
280307	41	1
163402	1	10
163475	1	10
163476	1	10
163596	1	10
163657	1	15
163660	1	15
163661	1	10
165268	1	1
165271	1	1
190488	1	1
194270	1	60
195114	1	70
198207	1	70
198208	1	70
198210	1	70
198212	1	70
198212	264	600
198213	1	600
198215	1	600
200180	1	70
200185	1	70
200186	1	70
200188	1	70
200960	1	0
200960	8	70
200976	1	70
201815	1	70
202299	1	80
202299	165	70
203912	1	50
203912	382	50
206573	1	50
206594	1	80
206594	108	50
206596	1	50
206596	324	50
207279	1	80
207279	69	50
207279	902	50
207883	1	50
207884	1	50
207886	1	50
208302	1	10
208538	1	80
276186	1	60
276190	1	60
276183	1	60
276185	1	15
276181	1	60
278395	1	75
278406	1	90
278406	183	75
278406	477	60
278406	650	50
278406	1017	40
278957	1	90
278954	1	18
279887	1	90
279887	65	100
279887	78	90
279887	298	75
281103	1	90
281103	23	1
281130	1	90
281130	27	1
281131	1	1
281508	1	18
281508	89	1
281590	1	90
163478	1	10
163580	1	15
163581	1	15
163582	1	15
163583	1	15
163587	1	15
163588	1	15
163589	1	15
163589	47	10
166346	1	32
166346	8	15
172255	1	20
172475	1	15
172630	1	30
172630	11	20
176023	1	100
176023	2	80
176023	60	60
176023	66	80
176163	1	60
177875	1	130
177875	9	100
177875	149	80
177875	482	60
178078	1	100
178160	1	100
178160	210	80
178162	1	80
178162	34	60
178677	1	80
178708	1	48
180251	1	48
194790	1	420
195950	1	70
195950	849	60
196048	1	70
196094	1	10
196097	1	70
196201	1	10
196433	1	70
198214	1	600
198269	1	70
198271	1	70
198271	463	70
198346	1	70
198372	1	70
198485	1	70
198486	1	70
198487	1	70
198487	451	70
198522	1	70
198898	1	0
198898	3	70
198898	125	70
198941	1	70
199103	1	0
199103	56	70
199428	1	70
199428	595	70
201197	1	70
204511	1	50
204555	1	50
204599	1	0
204599	3	80
204599	143	50
204792	1	80
204792	5	0
205158	1	0
205158	3	80
205158	102	50
205311	1	50
205311	168	50
205339	1	80
205339	75	50
205618	1	50
206210	1	50
206210	486	50
206243	1	0
206243	3	80
206243	165	50
206243	909	50
206245	1	50
206246	1	50
206257	1	50
206301	1	10
206303	1	50
206478	1	50
206512	1	0
206512	2	80
206512	96	50
206512	883	50
208341	1	50
208341	407	50
208407	1	50
208428	1	50
208429	1	50
208487	1	80
208487	40	50
208540	1	80
208540	13	50
208541	1	50
208553	1	50
208686	1	0
208686	6	80
208686	148	50
277148	1	80
277148	84	60
277148	395	48
277168	1	80
277168	9	48
277168	267	40
277168	973	28
277166	1	80
277166	102	60
277166	193	48
278873	1	90
278873	76	60
278873	95	50
278874	1	50
278874	53	60
278874	197	50
278874	404	40
278875	1	40
278875	219	30
278875	224	40
278875	422	30
278875	424	40
278875	533	30
281546	1	1
281545	1	18
281545	11	1
281611	1	90
163630	1	15
163662	1	10
163663	1	10
163664	1	10
163668	1	10
163751	1	15
163752	1	1
165103	1	1
167746	1	10
175872	1	50
175872	65	50
175872	68	50
194535	1	60
196438	1	70
196438	521	60
196509	1	70
196531	1	70
198202	1	70
198211	1	70
198229	1	0
198229	5	70
198230	1	70
198249	1	70
198954	1	70
198969	1	70
198969	673	70
199008	1	70
199011	1	70
199318	1	70
199319	1	70
199319	686	70
199336	1	70
199356	1	70
199429	1	70
199435	1	70
199435	590	70
199436	1	70
199436	642	70
199563	1	10
199564	1	70
199565	1	10
199566	1	70
199567	1	70
199568	1	70
199569	1	70
199569	354	70
199570	1	70
199571	1	70
199572	1	70
199573	1	70
199574	1	70
199608	1	70
199608	602	70
199608	2267	70
199698	1	0
199698	10	70
199701	1	10
200601	1	70
202091	1	70
203780	1	50
203830	1	0
203830	5	80
203830	86	50
203832	1	50
204113	1	80
204113	183	50
204238	1	80
204238	38	50
205694	1	50
205694	94	50
207875	1	80
207875	2	0
207882	1	80
207882	38	50
208535	1	80
208551	1	80
208551	105	50
208551	290	50
208552	1	10
209089	1	50
209089	8	50
209089	35	50
209089	39	50
209106	1	50
209106	42	50
209109	1	50
209146	1	0
209146	3	50
209148	1	50
209151	1	50
209151	311	50
276494	1	60
276495	1	60
276502	1	28
276501	1	60
276501	354	48
276501	821	40
276501	1849	28
277180	1	80
277180	93	72
277180	147	60
277420	1	80
277420	73	60
277420	78	80
277420	84	72
277420	237	60
277847	1	80
278001	1	20
277998	1	20
281612	1	90
281613	1	90
281613	108	3
281613	123	4
281613	131	6
281613	141	100
281613	157	90
281613	170	75
281613	178	60
281613	185	50
281613	193	40
281613	200	30
281613	206	20
281613	212	12
281613	219	6
281613	228	4
281613	237	3
281613	242	4
281616	1	90
281616	3	4
281616	15	30
281616	228	4
281616	236	3
281616	251	4
281616	263	2
281616	271	3
281616	366	2
163289	1	6
163296	1	6
163296	4	10
163297	1	10
163300	1	10
163301	1	6
163302	1	6
163308	1	6
171156	1	30
171156	212	15
171895	1	15
172163	1	20
172163	544	15
172268	1	30
172268	2	20
172286	1	20
172507	1	15
172516	1	15
176169	1	60
176848	1	50
178667	1	48
178667	45	80
190490	1	70
190491	1	70
190592	1	70
190592	4	70
190593	1	70
190595	1	70
190661	1	70
190663	1	70
190678	1	70
190679	1	70
190702	1	70
190702	67	70
190703	1	70
190704	1	70
190705	1	70
190705	95	70
190706	1	70
190706	9	70
190707	1	70
190708	1	70
190906	1	70
190945	1	70
190949	1	70
190949	82	0
191043	1	70
191242	1	1
191247	1	70
191248	1	70
191264	1	70
191264	13	70
191264	76	70
191271	1	70
191276	1	70
191367	1	70
191367	3	0
191387	1	70
191387	3	0
191404	1	70
191406	1	70
191411	1	70
191694	1	70
191695	1	70
191697	1	1
191700	1	70
191701	1	70
191718	1	70
191720	1	70
191721	1	70
191723	1	1
191810	1	70
191811	1	70
191830	1	70
191832	1	1
191833	1	70
193112	1	0
193112	20	70
193112	54	0
193115	1	1
193116	1	0
193124	1	70
193124	8	70
193192	1	70
193192	31	70
193192	39	0
193192	51	70
193193	1	70
193207	1	70
193336	1	70
193336	608	70
193621	1	70
193833	1	0
193834	1	0
193898	1	60
193904	1	60
193905	1	60
194150	1	60
194151	1	60
194151	498	60
194153	1	60
194199	1	60
194210	1	60
194210	422	60
194223	1	60
194303	1	60
194304	1	60
194305	1	60
194427	1	60
194429	1	60
194429	26	60
194439	1	60
194455	1	60
194464	1	60
194479	1	60
194480	1	60
194480	312	60
194702	1	60
194704	1	60
194704	382	60
194711	1	60
194897	1	63
194914	1	63
194914	3	70
194914	17	63
194914	21	70
194914	25	60
194915	1	60
195147	1	70
195164	1	70
195165	1	70
195249	1	70
195251	1	70
163286	1	10
163286	108	6
163332	1	6
163332	8	10
163385	1	10
165248	1	1
165558	1	8
165567	1	15
165567	541	10
165570	1	10
165570	696	8
165617	1	15
167785	1	10
167786	1	10
171446	1	30
171446	3	20
171446	375	15
171484	1	25
171484	80	20
171484	359	15
172014	1	20
172024	1	20
172033	1	20
172033	256	15
172400	1	20
172400	460	15
172444	1	1
172476	1	15
172478	1	15
172485	1	25
172485	3	20
175837	1	10
175865	1	20
177785	1	60
177786	1	60
177786	44	100
177788	1	100
177788	22	80
177788	30	60
177791	1	60
178116	1	80
178116	180	60
191046	1	70
191056	1	70
191057	1	70
191057	10	70
191062	1	70
191226	1	70
191226	38	70
193999	1	60
194027	1	60
194052	1	60
195303	1	70
195304	1	70
195378	1	80
195378	3	70
195378	1301	60
195379	1	60
195399	1	60
195522	1	70
195523	1	70
195524	1	70
195527	1	70
195528	1	70
195529	1	70
195530	1	70
195540	1	70
195551	1	70
195552	1	70
195552	1307	60
195633	1	70
195634	1	70
195656	1	70
195757	1	63
195758	1	63
195773	1	70
195774	1	70
195775	1	70
195841	1	70
195929	1	70
195937	1	60
195963	1	70
196019	1	0
196019	3	70
196023	1	70
196027	1	70
196046	1	70
196047	1	70
196090	1	70
196095	1	10
196096	1	70
196098	1	70
196103	1	70
196122	1	63
196122	4	70
196135	1	70
196200	1	70
196202	1	70
196218	1	70
196239	1	70
196239	835	60
196249	1	70
196250	1	70
196251	1	70
196252	1	70
196334	1	0
196334	3	70
196349	1	70
196350	1	70
196352	1	70
196357	1	70
196359	1	70
196361	1	10
196362	1	70
196363	1	70
196430	1	0
196430	2	70
196431	1	70
196432	1	70
196437	1	70
196452	1	0
196452	2	70
196453	1	70
196453	805	60
196495	1	0
196495	2	70
196501	1	70
196508	1	70
198023	1	600
198040	1	10
198041	1	600
198044	1	600
198045	1	600
198046	1	10
198047	1	600
198048	1	600
198049	1	600
198050	1	600
198063	1	600
198116	1	90
163334	1	10
163655	1	15
163665	1	10
163738	1	15
165993	1	32
165993	4	15
165993	773	10
165993	778	15
166859	1	32
166859	27	15
167675	1	10
167675	518	9
167676	1	9
167740	1	24
167740	4	10
167754	1	10
170298	1	5
170376	1	30
170376	54	15
170376	57	10
170376	60	1
170842	1	10
171050	1	30
171050	54	20
171050	93	15
171875	1	20
171926	1	20
172208	1	20
172252	1	20
172254	1	20
172488	1	20
172488	14	10
172495	1	10
172495	116	15
172497	1	15
172798	1	15
172802	1	10
172802	304	7
172822	1	20
172822	616	15
172822	1922	10
172824	1	10
175974	1	80
176206	1	60
176286	1	60
176286	63	80
176286	166	60
176304	1	60
176304	67	80
176304	187	60
176308	1	60
176309	1	60
176309	224	50
176309	484	40
176309	697	30
176309	985	20
176795	1	130
176795	4	100
176795	43	130
176796	1	130
176796	11	100
176796	46	80
176799	1	60
176799	154	50
176801	1	50
176805	1	50
176807	1	50
176844	1	60
176844	62	50
176850	1	50
176860	1	50
176868	1	50
176885	1	80
176886	1	80
176886	75	60
176886	379	50
176889	1	50
176927	1	13
176928	1	130
176928	8	80
176929	1	80
176929	172	60
176959	1	80
176982	1	130
176982	4	60
177053	1	130
177053	43	80
177053	265	60
177053	531	50
177074	1	130
177074	26	80
177074	201	60
177074	488	50
177088	1	130
177088	3	80
177095	1	130
177095	3	80
177095	99	60
177096	1	60
177096	130	50
177131	1	130
177131	39	100
177138	1	100
177138	72	80
177139	1	80
177139	286	60
177139	532	50
177140	1	50
177141	1	50
177183	1	80
177183	9	100
177183	99	80
177184	1	80
177201	1	80
177201	63	100
177201	258	80
177201	440	60
177222	1	130
177222	41	100
177222	59	80
177313	1	130
177313	4	80
177313	62	100
177316	1	100
177317	1	100
177318	1	100
177318	70	80
177318	369	60
177319	1	60
177449	1	130
177449	2	80
177449	45	100
177449	236	80
177452	1	80
177452	157	60
177719	1	60
177730	1	130
177730	36	100
177730	51	80
177730	56	100
177730	214	80
177730	431	60
177776	1	130
177776	8	80
177776	52	100
177782	1	130
177782	74	80
177782	80	100
177782	161	80
178669	1	80
178670	1	80
178671	1	10
178675	1	48
178675	12	80
178703	1	130
178703	3	48
178703	31	80
178703	177	48
178712	1	48
178712	8	36
178724	1	36
178731	1	36
178738	1	36
178786	1	130
178786	20	48
178786	67	80
178786	194	48
178803	1	130
178803	3	48
178803	56	80
178803	152	48
178840	1	130
178840	2	48
178840	47	80
178840	200	48
178970	1	80
178970	158	48
178985	1	48
178985	7	36
179434	1	48
179434	28	80
179434	84	48
179434	572	36
179452	1	36
179476	1	36
179497	1	130
179497	4	80
179497	193	48
179558	1	48
190482	1	70
190538	1	70
190538	3	70
190539	1	70
190710	1	70
166010	1	15
166011	1	15
166033	1	32
166033	13	20
166033	27	15
166486	1	32
166486	3	15
166502	1	32
166502	3	15
166512	1	15
166784	1	15
166787	1	15
166787	12	10
166840	1	1
166841	1	15
166842	1	15
166842	8	10
166861	1	15
167041	1	10
167041	396	9
167043	1	9
167078	1	10
167098	1	10
167098	424	1
167098	447	10
170286	1	30
170286	3	15
170286	83	10
170286	87	5
170378	1	5
170378	4	1
170380	1	10
170382	1	10
170382	8	7
170382	10	5
170397	1	5
170527	1	20
170527	13	15
170527	44	10
171178	1	15
171178	149	10
171178	731	7
171274	1	20
171282	1	20
171578	1	20
171578	348	15
171578	697	10
175863	1	20
176166	1	60
176201	1	100
176201	2	60
176201	41	80
176201	135	60
177507	1	130
177507	28	80
177507	42	100
177507	64	130
177507	67	80
177509	1	80
177509	8	60
177509	110	80
177515	1	80
177515	6	60
177718	1	130
177718	44	100
177718	121	80
177718	491	60
178022	1	130
178022	8	80
178098	1	100
178098	184	80
178098	492	60
179563	1	48
179563	346	36
179889	1	130
179889	19	80
179889	169	48
190456	1	70
190456	9	70
190459	1	70
190459	5	70
190465	1	70
190645	1	70
190646	1	70
190659	1	70
190659	71	70
190733	1	70
190734	1	1
190735	1	1
190736	1	70
190738	1	70
190782	1	70
190895	1	70
191424	1	70
191693	1	1
191834	1	70
191837	1	70
191839	1	70
191842	1	70
191845	1	70
191849	1	70
191856	1	70
191857	1	70
191858	1	70
191859	1	70
193541	1	70
193556	1	70
193557	1	70
193575	1	70
193835	1	0
193836	1	0
193878	1	60
193919	1	60
193925	1	60
194050	1	60
194050	701	60
194050	1777	60
194075	1	60
194115	1	60
194115	713	60
194117	1	60
194119	1	60
194120	1	60
194120	334	60
194225	1	60
194315	1	60
194317	1	60
194424	1	60
194533	1	60
194619	1	60
194627	1	60
194631	1	60
194643	1	60
194644	1	60
194691	1	60
194699	1	60
194712	1	60
194712	515	60
194735	1	420
194778	1	420
194785	1	420
194786	1	7
194787	1	7
194788	1	420
194789	1	420
194825	1	420
194896	1	63
194912	1	63
195266	1	70
195385	1	60
195387	1	60
195390	1	60
195396	1	70
195397	1	70
195398	1	70
195398	188	60
195398	1313	60
195526	1	70
195645	1	70
195649	1	70
195658	1	70
195658	49	60
195916	1	70
195918	1	70
195923	1	70
195926	1	70
166052	1	15
166052	113	10
166052	115	15
166052	116	10
166143	1	1
166143	11	1
166144	1	1
166145	1	1
166147	1	15
166148	1	15
166149	1	15
166150	1	15
166161	1	15
166163	1	15
166374	1	32
166374	3	15
166375	1	1
166377	1	15
166514	1	15
166514	12	10
166563	1	15
167284	1	9
167284	892	6
167673	1	24
167673	3	10
170249	1	15
170249	42	7
170249	46	5
170396	1	1
170722	1	20
170722	116	15
170722	119	10
170722	219	15
170759	1	30
170759	15	10
170759	337	7
170854	1	10
170896	1	5
170899	1	5
171090	1	1
171091	1	15
171098	1	15
171102	1	15
171116	1	1
171369	1	25
171369	61	20
171876	1	20
171876	382	15
171879	1	15
171880	1	15
171890	1	15
171897	1	15
171897	296	10
171921	1	30
171921	4	20
172468	1	15
172473	1	15
172590	1	1
172592	1	1
172619	1	10
172620	1	10
172635	1	20
172778	1	30
172778	3	20
172801	1	10
175875	1	50
175886	1	40
175887	1	40
175906	1	100
175906	50	40
175906	52	100
175906	71	50
175907	1	5
175971	1	100
175971	49	60
175971	61	80
175973	1	80
175975	1	80
175975	180	40
175990	1	100
175990	4	10
175990	27	80
175990	57	60
176161	1	60
176165	1	60
176466	1	60
176467	1	60
176467	113	50
176468	1	50
176469	1	50
176470	1	40
176545	1	100
176547	1	100
176547	28	60
176548	1	60
176548	121	50
176548	625	40
176765	1	80
176765	67	100
176765	111	130
176771	1	80
176771	65	100
176771	79	130
176771	149	100
176841	1	80
176841	122	60
176842	1	60
177783	1	80
177783	243	60
177789	1	60
177790	1	60
178421	1	48
178421	34	80
178421	42	130
178421	111	80
178421	230	48
178421	510	36
191086	1	70
191201	1	70
191244	1	1
191277	1	70
191691	1	70
191691	67	70
191692	1	70
191692	20	70
191726	1	70
191800	1	70
191808	1	1
163269	1	10
163337	1	10
163368	1	10
163370	1	10
163371	1	10
163374	1	10
163374	672	6
163757	1	15
163763	1	10
165099	1	1
165102	1	120
165102	5	1
165121	1	3
165121	243	2
165150	1	1
165165	1	2
165168	1	2
165208	1	8
165229	1	32
165229	29	2
165229	38	1
165238	1	1
165254	1	1
165255	1	1
165262	1	1
165269	1	1
165400	1	10
165415	1	10
165415	812	8
165467	1	15
165467	114	10
166164	1	15
166530	1	32
166530	38	15
166530	42	20
166554	1	15
166562	1	15
166565	1	15
166565	12	10
166699	1	15
166860	1	15
166862	1	1
166863	1	15
166864	1	15
166864	318	10
166888	1	15
166889	1	15
166890	1	15
166893	1	15
166894	1	15
166895	1	15
166895	135	10
166911	1	15
166921	1	15
166922	1	15
166923	1	15
166946	1	15
166947	1	15
166950	1	15
166960	1	15
166960	60	10
166966	1	10
166967	1	10
167039	1	10
170452	1	30
170452	23	15
170452	75	20
170452	80	10
171812	1	20
171812	324	15
172011	1	6
275887	1	60
275886	1	60
275886	8	48
275886	22	60
275886	25	48
275886	69	60
275890	1	60
275890	9	48
275890	504	40
173659	1	40
173661	1	30
178854	1	48
178854	64	36
178866	1	36
178871	1	36
178920	1	130
178920	35	80
178920	207	48
179411	1	48
179411	7	80
179411	10	48
179411	24	80
179411	97	130
179959	1	130
179959	62	80
180072	1	130
180072	2	80
180072	62	48
180072	80	130
180072	105	8
180076	1	48
180076	202	130
180076	229	48
180091	1	48
180093	1	48
180093	99	36
180093	327	130
180241	1	130
180241	4	80
180241	66	48
180241	100	130
180241	130	48
180249	1	130
180249	3	80
180250	1	80
180250	238	48
180252	1	48
163333	1	10
163339	1	6
163340	1	6
163659	1	15
165272	1	1
165364	1	10
165364	1133	8
165472	1	10
165472	493	8
165486	1	15
165487	1	15
165506	1	15
165506	58	10
165514	1	10
165514	41	15
165523	1	32
165523	6	15
165525	1	15
165529	1	15
165536	1	15
165537	1	15
165537	13	10
165542	1	10
165542	162	8
165548	1	8
165619	1	15
165620	1	15
165633	1	32
165633	3	15
165970	1	32
165970	9	15
166034	1	15
166034	203	10
166049	1	32
166049	16	20
166049	57	15
166051	1	15
166379	1	15
166380	1	15
166380	638	10
166394	1	15
166408	1	32
166408	30	15
166429	1	32
166429	5	15
166438	1	15
166439	1	15
166462	1	32
166462	16	15
166701	1	15
166701	79	10
166763	1	15
166781	1	32
166781	3	15
166782	1	15
166839	1	32
166839	6	15
167102	1	24
167102	7	9
167103	1	9
167150	1	10
167151	1	10
167281	1	10
167282	1	10
167282	38	9
167283	1	9
167807	1	10
167807	1406	9
167830	1	9
167830	172	6
167830	459	3
167898	1	24
167898	4	10
167898	1334	9
167898	1655	6
172389	1	30
172389	4	20
172399	1	30
172399	2	20
172401	1	15
172411	1	30
172411	4	20
172448	1	1
172451	1	1
172457	1	1
172847	1	30
172847	2	20
172865	1	25
172865	3	20
172867	1	20
172949	1	25
172949	2	20
172949	934	15
172951	1	15
172952	1	15
172952	681	10
172992	1	20
172998	1	20
172998	50	15
172998	66	10
172998	81	7
172999	1	15
173198	1	20
173198	666	15
173240	1	50
173241	1	50
173241	17	40
173241	760	1
173243	1	30
173243	14	40
173244	1	40
173380	1	100
173380	4	50
173380	200	40
173381	1	40
173389	1	50
173389	283	40
173406	1	100
173406	22	50
173430	1	40
173431	1	40
173438	1	40
173439	1	50
173439	307	40
173664	1	30
176697	1	100
176701	1	100
176701	8	80
198523	1	10
199021	1	70
199021	683	70
199699	1	70
199699	389	70
199833	1	70
199833	411	70
200075	1	0
200075	4	70
200466	1	70
200466	91	70
200466	142	70
200990	1	0
200990	5	70
201199	1	70
201202	1	70
201812	1	70
201813	1	70
201816	1	70
201824	1	70
202013	1	70
202014	1	70
202016	1	70
202016	203	70
202044	1	80
202044	116	70
202045	1	70
202045	340	70
202046	1	70
202047	1	70
202051	1	10
202088	1	70
203777	1	80
203778	1	80
203778	51	50
205666	1	80
205666	99	50
206187	1	80
206187	201	50
206199	1	80
206199	6	50
206484	1	0
206484	4	80
206484	224	50
206745	1	50
206745	349	50
206745	1965	50
207320	1	50
207398	1	50
207454	1	80
207454	138	50
207454	982	50
207468	1	80
207468	77	50
207491	1	50
207779	1	0
207788	1	1
207789	1	0
207790	1	0
207813	1	0
207813	3	0
207897	1	0
207897	2	80
207897	92	50
207905	1	0
207905	3	80
207905	74	50
207905	78	80
207905	136	50
207905	931	50
207920	1	80
207920	125	50
207921	1	50
207922	1	50
207922	15	50
207924	1	50
208299	1	80
208300	1	80
208303	1	10
208304	1	80
208339	1	80
208339	85	50
208351	1	80
208351	135	50
208353	1	50
208357	1	50
208357	90	50
208390	1	0
208390	4	80
208390	157	50
208391	1	50
208391	685	50
208406	1	50
208509	1	80
208509	60	80
276508	1	15
276765	1	15
276769	1	60
276776	1	40
276776	458	28
276794	1	60
276794	8	28
276794	413	20
276767	1	60
276775	1	60
276775	184	48
276775	780	40
277853	1	20
277854	1	80
277856	1	80
278509	1	75
278509	100	90
278509	191	75
278509	529	60
278509	691	50
278509	1044	40
279822	1	18
279823	1	90
279823	26	100
279823	50	90
279823	366	75
279931	1	90
279931	71	40
279931	74	90
279931	262	75
279931	521	60
279931	752	50
279931	1088	40
279931	1946	30
199834	1	70
199834	656	70
201366	1	80
201393	1	80
201418	1	80
201613	1	70
201718	1	80
201718	66	70
203836	1	50
203836	23	0
204484	1	10
204554	1	50
206331	1	80
206331	187	50
276235	1	60
276235	4	48
276237	1	15
276243	1	28
276242	1	60
276242	9	48
276242	465	40
276242	1385	28
276244	1	28
277277	1	80
277278	1	20
277279	1	20
277933	1	1
277932	1	1
277934	1	1
278136	1	20
278193	1	80
278193	3	60
278193	76	72
278193	122	60
278345	1	75
278345	309	60
278345	620	50
278346	1	50
278346	112	40
278349	1	40
278349	318	30
278349	325	40
278349	467	30
278366	1	30
278761	1	90
278761	5	1
278976	1	30
278969	1	90
278969	373	75
278969	644	60
278969	872	50
278969	1198	40
278975	1	40
278975	600	30
201669	1	70
201707	1	70
201707	579	70
201794	1	80
201802	1	0
201802	8	80
201802	172	70
201806	1	10
201809	1	70
201817	1	70
201818	1	70
201819	1	70
201819	231	70
202012	1	80
202012	58	70
202074	1	80
202074	85	70
202075	1	70
202075	616	70
202272	1	80
202272	79	70
202272	637	70
202304	1	70
202304	116	70
203739	1	50
203980	1	50
203985	1	50
206448	1	50
276044	1	15
276074	1	15
276063	1	15
276054	None	1
276071	1	60
276072	1	15
276049	1	60
276062	1	15
276064	1	60
276279	1	60
276282	1	60
276282	376	48
276282	971	40
276271	1	15
276276	1	60
276283	1	40
276283	778	28
276948	1	48
276942	1	60
276942	8	72
276947	1	60
276947	96	48
276950	1	48
276950	42	40
276950	881	28
276945	1	18
276940	1	80
276940	82	72
276940	123	60
276941	1	60
276944	1	72
276946	1	72
276946	9	60
277822	1	80
277826	1	80
277833	1	80
277827	None	1
277824	1	20
277820	1	80
277829	1	20
277832	1	80
277819	1	20
277835	1	80
277823	1	20
277816	1	80
277828	1	20
278765	1	90
278765	9	75
279682	1	100
279682	6	90
279683	1	90
279684	1	90
279685	1	90
279685	7	75
279685	10	90
279685	43	75
199812	1	70
199812	629	70
199832	1	70
200473	1	70
200473	498	70
200491	1	70
200515	1	70
200518	1	10
200532	1	70
201062	1	0
201062	3	70
201535	1	80
201535	12	70
201612	1	10
202087	1	70
202087	501	70
202093	1	70
202116	1	70
202178	1	80
202178	85	70
202178	664	70
203002	1	0
203002	4	80
203002	103	50
203002	766	50
203987	1	50
203987	310	50
204114	1	50
204114	259	50
204577	1	50
204577	633	50
204795	1	0
204795	90	80
205781	1	50
205833	1	0
205833	5	80
205833	168	50
206401	1	80
206401	181	50
206540	1	80
206541	1	80
207221	1	50
207231	1	80
207231	181	50
207231	985	50
207233	1	50
208392	1	50
208394	1	50
208397	1	50
208402	1	50
278474	1	15
278807	1	10
278802	1	90
278804	1	15
278800	1	90
278801	1	90
278805	1	75
278805	88	60
278805	285	50
278806	1	10
278803	1	90
278803	107	75
278808	1	50
278808	343	40
278808	1235	30
278962	1	90
278962	195	75
278963	1	75
278963	108	60
279681	1	90
279681	81	100
201193	1	70
201195	1	10
201196	1	70
206208	1	50
206208	231	50
208296	1	80
275958	1	15
275960	1	60
276434	1	60
276544	1	28
276545	1	28
276542	1	60
276542	321	48
276543	1	48
276543	29	40
276543	936	28
277087	1	80
277087	168	20
277076	1	28
277071	1	40
277069	1	80
277069	85	72
277069	89	80
277069	94	72
277075	1	28
277086	1	80
277070	1	72
277070	11	60
277070	39	72
277070	67	60
277070	323	48
277070	803	40
277072	1	40
277072	306	28
277073	1	80
277073	21	28
277081	1	80
277534	1	20
277536	1	80
277842	1	80
279966	1	90
279966	77	100
279966	275	90
279966	402	75
279975	1	90
279975	76	100
279975	87	100
279975	118	100
279975	279	90
279975	489	75
279975	749	60
279975	952	50
279967	1	18
279994	1	100
280014	1	18
280024	1	20
280006	1	90
280006	19	75
280015	1	90
280015	7	75
280015	82	60
280015	287	50
279990	1	90
280002	1	90
280007	1	90
280007	14	75
280020	1	20
279993	1	90
279993	89	100
280018	1	40
280018	160	30
280018	596	20
279991	1	90
280013	1	90
280021	1	4
280023	1	4
280016	1	90
280016	6	40
280019	1	4
280022	1	4
279995	1	20
280001	1	18
280017	1	40
198270	1	70
198272	1	70
200190	1	70
200243	1	70
201390	1	80
201419	1	80
201420	1	80
201729	1	70
201804	1	70
202086	1	10
202880	1	0
202972	1	80
202972	9	50
202972	530	50
204101	1	50
204506	1	80
204506	70	50
204541	1	0
204541	4	80
204541	83	50
204544	1	50
204576	1	80
204576	87	50
204601	1	50
204601	488	50
204798	1	10
204799	1	10
204800	1	80
204809	1	80
204812	1	80
205086	1	0
205086	4	80
205086	57	50
205604	1	10
205605	1	50
205690	1	50
206477	1	80
206477	6	50
206572	1	80
206572	39	50
206572	40	80
206574	1	50
206595	1	50
206598	1	50
206867	1	50
207299	1	50
207487	1	80
207487	26	0
207487	35	80
207487	144	50
207490	1	50
207490	38	50
207492	1	50
207517	1	50
207518	1	50
207898	1	50
208297	1	80
208298	1	10
208393	1	50
278419	1	75
278418	1	75
278417	1	15
278923	1	90
278923	348	75
278904	1	0
278922	1	90
278941	1	90
279085	1	90
279854	1	10
279861	1	10
279864	1	50
279845	1	90
279846	1	90
279846	11	75
279852	1	50
279857	1	10
279862	1	50
198268	1	70
201228	1	80
201278	1	80
201278	126	70
201278	790	70
201278	2193	80
201383	1	80
201384	1	80
201391	1	80
201602	1	80
201602	90	70
201657	1	80
202050	1	10
202054	1	70
202060	1	80
202060	79	70
202060	715	70
202090	1	10
202873	1	0
203709	1	50
204250	1	80
204250	104	50
204550	1	10
204551	1	50
204552	1	50
204563	1	0
204563	3	80
204563	94	50
204565	1	50
204567	1	50
205526	1	50
205595	1	80
205598	1	80
205600	1	80
205600	42	50
205617	1	50
205617	169	50
205620	1	50
205774	1	80
205774	10	50
205937	1	0
206098	1	80
206542	1	80
206542	12	50
206542	17	80
206542	40	50
207372	1	50
207469	1	80
207887	1	80
207887	9	50
208427	1	80
208427	89	50
279024	1	90
279024	86	40
279029	1	40
279028	1	40
279767	1	30
279760	1	90
279760	77	100
279760	213	90
279760	373	75
279760	609	60
279766	1	60
279766	60	50
279766	429	40
279766	1395	30
279849	1	75
279849	109	60
279844	1	90
279844	83	100
279844	207	90
279855	1	10
279858	1	10
279856	1	10
279860	1	10
279865	1	90
279865	27	40
279850	1	12
279850	17	10
279851	1	50
279859	1	10
279848	1	90
279848	22	75
279853	1	50
199876	1	70
199876	344	70
200244	1	70
200244	612	70
200245	1	70
200253	1	70
200368	1	70
200369	1	70
200369	13	70
200381	1	0
200381	3	70
200519	1	70
200519	528	70
200602	1	70
200961	1	70
205215	1	10
206513	1	50
206906	1	50
276384	1	28
276357	1	60
276357	36	48
276361	1	48
276361	464	40
276349	1	15
276363	1	40
276363	503	28
276347	1	15
276352	1	60
276355	1	60
276362	1	10
276360	1	12
276350	1	15
276351	1	15
277216	1	80
277219	1	72
277217	1	80
277218	1	80
277218	10	72
277220	1	72
277220	29	60
278050	1	80
278062	1	80
278690	1	90
278986	1	90
279356	1	90
279405	1	40
279403	1	90
279841	1	90
279841	75	75
279841	748	60
279841	957	50
279841	1204	40
279840	1	90
282536	1	125
282515	1	25
282521	1	125
282498	1	125
282508	1	125
282523	1	125
282708	1	100
282712	1	100
282712	44	100
282707	1	100
282709	1	20
282710	1	20
282711	1	20
282905	1	20
282906	1	100
284014	1	50
284006	1	100
284006	105	50
284006	162	40
284006	190	50
284025	1	100
284025	155	100
284041	1	40
284036	1	75
284036	140	60
284037	1	60
284037	7	50
284037	258	40
284038	1	40
284042	1	40
284044	1	40
284035	1	100
284035	74	90
284035	278	75
284039	1	40
284029	1	100
284029	39	100
284040	1	40
282310	1	125
282304	1	25
282377	1	125
282377	20	100
282399	1	25
282403	1	125
282412	1	90
282408	1	125
282467	1	125
282842	1	100
282842	14	100
282842	40	100
283049	1	100
283049	81	100
283049	88	100
283059	1	90
283059	69	75
283059	296	60
283050	1	100
283050	38	100
283050	134	100
283067	1	60
283067	9	50
283067	47	40
283067	60	40
283067	80	40
283067	102	40
283067	145	40
283067	152	40
283052	1	100
283052	104	90
283305	1	100
283307	1	90
283307	158	75
283307	297	60
283306	1	100
283306	133	100
283306	278	90
283308	1	60
283308	93	50
283308	360	40
283478	1	100
283478	229	100
283478	324	125
283478	328	100
283478	428	90
283478	589	75
283478	836	60
283548	1	100
283548	149	50
283548	159	60
283934	1	100
283934	33	100
283934	271	90
283934	410	75
283934	698	60
283934	842	50
283934	1075	40
283933	1	100
283933	100	100
283933	119	100
283964	1	100
283964	3	40
283946	1	100
283946	133	100
283946	263	100
283946	425	90
283946	583	75
283946	826	60
283946	1012	50
283946	1225	40
282923	1	50
282923	219	40
282924	1	40
282920	1	15
282921	1	75
282921	84	60
282917	1	100
282917	117	100
282918	1	100
282918	14	90
282919	1	90
282919	101	75
282919	106	90
282919	140	75
282922	1	60
282922	123	50
283041	1	100
283041	134	100
283042	1	20
283042	4	15
283042	8	20
283040	1	100
283040	50	90
283040	53	100
283043	1	100
283043	57	90
283043	193	75
283043	434	60
283039	1	100
283163	1	20
283340	1	100
283820	1	100
283820	51	50
283820	1531	40
283818	1	100
283835	1	30
283830	1	40
283830	414	30
283834	1	30
283877	1	75
283877	64	60
283877	249	50
283877	503	40
283877	1346	30
283878	1	30
283876	1	100
283876	205	100
283876	402	90
283876	554	75
283142	1	100
283108	1	100
283151	1	100
283136	1	100
283122	1	100
283358	1	75
283358	57	60
283358	213	50
283358	515	40
283353	1	100
283353	3	100
283353	167	100
283353	309	100
283353	461	90
283353	656	75
283359	1	40
283359	372	30
283884	1	100
283884	428	100
283884	618	90
283885	1	90
283885	24	75
283885	249	60
283885	444	50
283885	740	40
283885	1482	30
283920	1	20
284043	1	40
284068	1	100
284068	31	4
284068	38	1
284068	53	100
284066	1	20
282374	1	125
282374	36	100
282577	1	125
282567	1	125
282544	1	125
282585	1	125
282586	1	125
283270	1	100
283270	76	100
283270	154	100
283270	304	100
283270	498	90
283270	663	75
283270	912	60
283270	1096	50
283270	1381	40
283270	1906	30
283283	1	30
283283	1315	20
283451	1	20
283453	1	100
283453	154	100
283453	163	100
283453	302	100
283453	491	90
282189	1	25
282196	1	125
282193	1	125
282205	1	25
282218	1	125
282659	1	25
282661	1	125
282663	1	125
282663	223	3
282663	233	2
282663	1100	100
282660	1	25
282662	1	125
282662	37	90
282731	1	100
282731	118	100
282735	1	60
282735	70	50
282735	308	40
282735	1133	30
282730	1	100
282730	90	100
282730	126	100
282732	1	100
282734	1	75
282734	207	60
282733	1	100
282733	29	90
282733	172	75
282814	1	60
282814	153	50
282814	405	40
282814	1116	30
282796	1	100
282799	1	20
282800	1	100
282800	80	100
282800	143	90
282800	235	75
282800	242	90
282800	256	75
282800	312	90
282807	1	90
282807	35	75
282807	243	60
283469	1	100
282599	1	125
282603	1	125
282601	1	125
282601	9	60
283034	1	100
283034	9	125
283034	16	100
283034	18	100
283034	22	100
283034	24	90
283034	28	75
283034	31	60
283034	35	50
283034	40	40
283034	44	40
283034	47	40
283034	55	40
283034	62	40
283034	67	40
283034	74	30
283034	77	20
283413	1	6
283407	1	100
283407	88	100
283408	1	100
283408	90	100
283408	239	100
283408	440	90
283408	609	75
283408	883	60
283408	1073	40
283408	1085	50
283408	1295	40
283408	2122	30
283415	1	6
283416	1	30
283414	1	6
283623	1	100
283642	1	100
283644	1	100
283618	1	100
283630	1	100
283617	1	20
283634	1	20
283636	1	100
283639	1	20
283640	1	100
283646	1	100
283648	1	100
283628	1	20
283633	1	100
283635	1	20
283643	1	20
283645	1	20
283620	1	100
283676	1	100
283685	1	50
283685	7	40
283685	49	20
283685	57	12
283685	74	2
283685	76	4
283685	95	1
283685	98	2
283685	100	3
283685	102	4
283685	157	3
283685	166	4
283685	213	3
283685	256	50
283685	294	40
283680	1	100
283680	22	90
283672	1	100
283675	1	100
283681	1	90
283681	10	75
283682	1	75
283682	175	60
283682	346	50
283861	1	20
283865	1	100
283865	143	100
283865	324	90
283865	484	75
283865	722	60
283865	932	50
283865	1166	40
283858	1	100
283859	1	20
283860	1	100
283863	1	100
274978	1	40
