254790	1	400
254790	3	20
254833	1	400
254833	126	25
254833	317	20
254879	1	400
254879	33	20
254905	1	400
254905	39	25
254906	1	25
254913	1	400
254914	6	400
256674	1	50
257461	1	400
257461	35	50
257461	38	100
257461	69	50
257804	1	25
257804	6	50
257816	1	50
258159	1	50
258312	1	50
258313	1	50
258319	1	50
259464	1	5
259453	1	5
259456	1	5
259457	1	5
259458	1	5
260627	1	400
260627	4	100
260627	108	150
260627	128	100
260627	213	150
260627	575	100
253946	1	5
253952	1	5
254229	6	400
254380	8	2000
254380	9	50
254415	1	100000
254416	1	262139
254416	40	3750
254608	1	5000
254608	515	3750
254608	656	2500
257612	1	50
257613	1	50
260478	1	200
272612	1	0
272617	1	0
272674	1	0
272674	21	1
272761	1	1
251161	1	0
251167	1	50
251252	1	50
251493	1	0
251493	6	50
251499	1	50
251521	1	50
251548	1	0
251548	28	50
254280	1	1
254283	5	2000
254283	9	5
254284	43	5
254437	1	100000
254437	4	262139
254437	54	2500
254437	65	3750
254450	1	3750
254458	1	3750
256730	1	50
257487	1	400
257487	13	50
257821	1	50
257968	1	400
257968	7	50
257968	11	400
257968	12	50
258129	1	400
258129	17	50
258152	1	400
258155	1	400
258155	14	50
258156	1	50
258157	1	50
258210	1	400
258213	1	400
258213	12	50
258287	1	50
258434	1	50
258432	1	50
258440	1	50
258442	1	50
258443	1	50
258444	1	50
258446	1	50
258448	1	50
258656	1	100
258656	70	50
258690	1	100
259721	1	25
272760	1	0
272760	11	1
272774	1	0
272774	10	1
272771	1	0
272771	4	1
272775	1	1
272775	119	1
272775	125	1
272776	1	1
272776	37	1
272776	48	1
272829	1	1
272828	1	1
272828	50	1
272827	1	0
272827	12	1
256925	1	100
256926	1	100
256926	41	50
260571	1	100
260568	None	1
260572	1	100
260576	1	100
260577	1	100
260570	1	100
260575	1	100
272922	1	0
272922	19	1
272924	1	1
272927	1	1
272927	11	1
272927	64	1
272929	None	1
272930	1	1
272930	17	1
272930	156	0
272930	160	1
272921	1	0
272923	1	1
272925	None	1
272926	1	1
272936	1	1
272935	1	0
272935	5	1
272935	30	0
272935	66	1
273017	1	0
273017	11	1
273063	1	1
273012	1	0
273012	5	0
273013	1	1
273136	1	0
273136	4	1
251163	1	50
251562	1	50
251604	1	0
251604	16	50
251633	5	65537
251635	31	65537
256865	1	50
256866	1	50
256867	1	50
256867	26	25
256867	55	50
256867	56	25
256868	1	25
256868	382	50
256869	1	50
256924	1	400
256924	11	100
257682	1	50
257682	75	25
257751	1	50
258174	1	400
258174	22	50
258174	161	400
258175	1	50
258177	1	50
258211	1	400
258214	1	50
258215	1	50
258282	1	400
272907	1	0
272907	12	1
272908	1	0
272908	5	1
273006	1	0
273006	4	0
273138	1	1
273150	1	0
273150	4	1
273150	40	1
273143	1	1
273145	1	1
273142	None	1
273146	1	1
273158	1	1
273158	17	1
273158	32	1
273276	1	0
253887	43	5
254279	1	400
254279	5	1
254279	9	400
254279	10	1
256842	1	400
256842	6	50
258742	1	100
258749	1	100
258750	1	100
258959	1	400
258959	12	50
272681	1	0
272681	11	1
272682	1	0
272680	1	1
272680	13	1
272728	1	0
272728	58	0
272728	104	1
272729	1	1
272746	1	0
272747	1	0
272748	1	0
272748	9	1
272750	1	1
272762	1	1
272786	1	1
272787	1	1
272782	1	0
272782	48	1
272785	1	1
272784	1	1
272783	1	1
272798	1	1
272798	90	1
272791	1	0
272791	21	1
272809	1	0
272814	1	0
272818	1	1
272807	1	0
272812	1	1
272816	1	1
272811	1	1
272815	1	0
272815	6	1
254282	6	2000
254282	9	5
254289	1	25
256935	1	400
256935	2	50
256936	1	50
256941	1	50
257024	1	400
257398	1	50
257399	1	50
257460	1	400
257490	1	50
257529	1	400
257529	4	50
257529	11	400
257529	12	50
257598	1	50
257599	2	50
258335	1	50
258403	1	400
258403	9	50
258403	18	400
258403	19	50
258423	1	50
258425	1	50
258427	1	50
258428	1	50
258703	1	100
258703	262	50
260583	1	400
260583	3	100
254230	1	400
254230	21	1
254232	1	1
256629	1	50
256630	1	50
256672	1	400
256672	7	50
256673	1	50
251522	1	50
251523	1	50
251559	1	0
251559	65	50
251560	1	50
251561	1	50
251612	1	0
251612	11	50
251636	1	65537
251640	1	50
254293	1	25
254294	1	25
254308	1	5
254310	1	5
254362	1	50
257027	1	50
257397	1	50
257400	1	50
257824	1	50
258310	1	400
272023	1	0
251121	1	65537
253947	1	5
253948	1	5
253950	1	5
253954	1	400
253954	6	1
254226	18	1
254290	1	25
254292	1	25
254306	1	2000
254306	7	5
254306	10	2000
254306	11	5
254307	1	5
257805	1	50
259636	1	400
259636	2	100
259636	6	400
259636	7	100
259636	51	50
259637	1	400
259637	4	50
259686	1	50
259683	1	100
259685	1	100
259685	400	50
259682	1	100
259681	1	400
259681	5	100
260533	1	50
260534	1	50
260538	1	50
260532	1	100
260532	686	50
260510	1	262139
260510	19	400
260528	1	400
260540	1	50
260536	1	50
260507	1	262139
260541	1	50
260527	1	400
260593	1	400
260593	3	100
260593	7	400
260593	8	100
260727	1	400
260722	None	1
260723	None	1
251637	1	65537
251638	1	0
251638	6	50
251638	8	0
251638	9	50
251643	1	50
251721	1	50
251721	3	50
251721	90	50
251721	98	50
251864	1	30
251864	20	30
252126	5	30
252126	6	30
252126	31	245
253886	8	2000
253886	11	5
253888	76	5
253890	104	5
253890	161	25
253890	204	50
253890	240	75
253890	253	5
253943	1	2000
254368	1	50
254453	1	3750
254530	1	100000
254530	4	5000
254530	6	100000
254530	7	5000
254532	1	5000
254852	1	400
254852	55	20
259626	1	400
259626	98	25
259811	1	50
259820	1	50
259820	16	100
259820	18	50
259820	19	100
259820	87	50
259818	1	50
259821	1	50
259810	1	100
259810	112	50
259810	227	100
259812	1	50
259813	1	50
259809	1	100
259817	1	50
259822	1	50
259822	75	100
259822	232	50
259822	233	100
251164	7	50
251251	1	50
251251	2	50
253944	1	2000
253944	10	5
254231	1	1
254607	1	100000
254607	6	5000
256734	1	50
256843	1	50
257645	1	50
257825	1	50
258125	1	400
258692	1	100
258694	1	100
258705	1	50
258706	1	50
258712	1	50
258713	1	50
258714	1	50
258741	1	100
259884	1	400
259884	11	50
259884	41	100
259884	82	50
259884	115	100
259891	1	50
259890	1	100
259890	23	50
251781	1	50
251781	16	50
252102	1	30
252102	3	245
252116	1	245
252116	34	735
252116	43	262139
252116	91	245
254459	1	3750
254512	1	5000
256727	1	50
256796	1	400
256798	1	50
257025	1	400
258445	1	50
258655	1	400
258655	6	50
258655	10	100
258702	1	100
251642	1	50
251883	1	30
251883	6	30
251883	70	30
253951	5	5
254227	1	1
254285	65	5
254285	296	25
254316	127	5
254319	53	5
254331	6	2000
254332	12	2000
254332	14	262139
254332	73	5
254341	1	50
254342	1	50
254349	6	262139
254349	44	50
254367	1	50
254451	1	3750
254454	1	3750
254455	1	3750
254456	1	3750
254457	1	3750
254511	1	100000
254511	7	5000
254907	1	25
256677	1	50
256728	1	50
256729	1	50
256733	1	50
257393	1	50
257395	1	50
257396	1	50
257531	1	50
257611	1	50
257614	1	50
257644	1	50
257732	2	25
257748	1	50
257818	1	50
257969	1	50
258126	1	400
258136	1	50
258311	1	50
258745	1	100
260373	1	25
260371	1	400
260366	1	400
251496	1	50
251496	227	50
251496	243	50
251497	1	50
251498	1	50
251500	1	50
257721	1	400
257721	23	25
257722	1	25
257723	1	25
257735	1	400
257735	3	25
257735	4	400
257735	5	25
257750	1	50
257819	1	50
257822	1	50
259857	1	400
259857	3	100
259861	1	100
259862	1	100
259862	271	50
259859	1	100
251162	32	0
251162	46	50
251162	52	50
251168	1	50
251244	1	0
251244	8	50
251491	1	0
251716	1	50
254309	1	5
254313	10	5
254314	42	5
254315	72	5
254317	1	5
254318	24	5
254340	1	2000
254340	7	5
254340	13	262139
254340	42	50
256675	1	50
256676	1	50
256725	1	400
256725	3	50
256801	1	50
257026	1	400
257394	1	50
257823	1	50
258158	1	50
258320	1	50
258334	1	400
258426	1	50
260426	1	100
260427	1	100
260427	58	50
260439	1	50
260425	1	100
260424	1	100
260422	1	100
260433	1	50
260431	1	50
260423	1	100
260608	None	1
273408	1	1
273408	4	1
273410	1	1
273402	1	0
273402	10	1
273402	46	1
273402	59	1
273402	79	1
273402	190	1
273402	255	1
273403	1	1
273405	1	1
273407	None	1
273409	1	1
273412	1	1
273406	1	1
273411	1	1
273404	1	1
273554	1	0
273554	63	100
273555	1	100
273730	1	50
273730	287	25
273730	295	50
273730	1491	25
273725	1	0
273725	7	50
273725	109	100
273725	1224	50
273728	1	50
274317	1	200
274315	1	200
274319	1	200
274314	1	200
274316	1	200
274318	1	200
274373	1	200
274421	1	200
274422	1	200
274422	363	150
274422	1159	100
274422	1734	50
274420	1	200
274958	1	50
274959	1	50
274953	1	200
274953	11	50
274954	1	200
274954	31	50
274955	1	50
274957	1	200
274957	4	50
274957	11	0
274957	14	50
275832	1	400
275832	202	300
275846	1	150
275834	1	300
275834	170	200
275835	1	200
275841	1	150
275837	1	150
275828	1	400
275836	1	200
275836	769	150
275829	1	400
275831	1	400
275833	1	300
275838	1	150
275847	1	150
275847	671	100
274249	1	200
274251	1	200
274251	273	150
274250	1	200
274278	1	200
274334	1	0
274334	5	200
274336	1	200
274344	1	0
274344	6	150
274344	35	100
274344	398	50
274335	1	200
274339	1	150
274345	1	50
274337	1	200
274338	1	200
274338	38	150
274382	1	200
274889	1	200
274917	1	200
274909	1	200
274904	1	200
274895	1	200
274888	1	200
274913	1	200
274905	1	200
274894	1	200
274999	1	200
274999	218	150
274998	1	300
274998	61	200
275000	1	150
275001	1	150
275001	1086	100
275021	1	200
275030	1	200
275035	1	200
275034	1	200
275062	1	400
275059	1	200
275059	67	300
275059	89	400
275068	1	200
275068	826	150
275064	1	300
275074	1	150
275067	1	300
275067	288	200
275073	1	200
275073	8	150
275063	1	400
275063	10	300
275066	1	300
275134	1	200
275865	1	400
275865	42	300
273394	None	1
273502	1	0
273502	15	50
273503	1	50
273504	1	0
273523	1	1
273514	1	1
273514	21	1
273526	1	1
273526	8	1
273537	1	1
274102	1	1
274104	1	1
274104	36	1
274103	1	1
274106	1	1
274107	1	1
274108	1	1
274105	1	1
275124	1	200
275124	85	300
275124	309	200
275125	1	200
275125	757	150
275337	1	200
275319	1	200
275319	142	300
275319	280	200
275326	1	200
275338	1	200
275338	256	150
275370	1	200
275370	65	300
275371	1	300
275371	36	200
275752	1	400
275767	1	300
275757	1	400
275763	1	400
275774	1	300
275774	232	200
275765	1	300
275773	1	300
275772	1	300
275777	1	200
275768	1	300
275776	1	200
275778	1	200
275782	1	400
275782	4	150
275759	1	400
275761	1	400
275769	1	300
273424	1	0
273424	6	25
273425	1	0
273425	8	50
273425	54	25
273425	61	50
273426	1	50
273589	1	1
273592	1	1
273590	1	1
274748	1	0
274799	1	0
274733	1	0
274656	None	1
274806	1	200
274806	11	50
274806	14	5
275310	1	150
275310	1932	100
275308	1	200
275309	1	200
275309	380	150
273286	1	0
273295	1	1
273301	1	1
273302	1	1
273290	1	0
273290	4	1
273290	13	1
273291	1	1
273292	1	1
273296	1	1
273296	14	1
273287	1	0
273287	44	1
273294	None	1
273299	1	1
273443	1	0
273443	25	100
273440	1	0
273440	5	0
273447	1	100
273446	1	100
273450	1	50
273433	1	1
273442	1	0
273442	5	0
273445	1	100
273432	None	1
273449	1	0
273449	7	50
273429	1	1
273444	None	1
273448	1	100
273448	379	50
273492	1	0
273492	30	200
273492	41	1
273492	55	50
273493	1	0
273493	4	50
273494	1	50
274083	1	1
274081	1	1
274303	1	200
274877	1	200
274877	5	0
274877	69	1
274945	1	50
274943	1	50
274982	1	200
274985	1	200
274983	1	200
274990	1	200
274990	4	300
274990	15	200
275045	1	200
275046	1	200
275260	1	200
275189	1	200
275234	1	200
275284	1	200
275285	None	1
275283	1	200
275291	1	200
275291	278	150
275282	1	300
275282	141	200
275290	1	200
275292	1	150
275286	1	200
275289	1	200
275293	1	150
275311	1	100
275375	1	200
275375	81	300
275375	250	200
275375	1181	150
275376	1	150
275376	1971	100
275376	3014	50
274094	1	50
274172	1	0
274172	7	200
274172	55	150
274169	1	200
274171	1	0
274170	1	0
274170	7	200
274197	1	0
274197	4	150
274200	1	0
274200	5	150
274200	74	100
274198	1	150
274198	115	200
274199	1	200
274199	14	150
274236	1	0
274236	8	200
274243	1	0
274240	1	200
274239	1	200
274244	1	0
274244	15	100
274244	152	50
274241	1	200
274241	442	150
274241	853	100
274968	1	200
274968	8	400
274968	270	200
274968	277	400
274968	314	200
274971	1	150
274970	1	150
274966	1	200
274966	32	50
274966	61	200
274967	1	200
274969	1	200
274969	115	150
275451	1	200
275420	1	200
275588	1	200
275588	3	150
275601	1	200
275603	1	200
275674	1	300
275764	1	400
275764	19	300
275766	1	300
275781	1	400
275781	4	200
275781	15	150
275783	1	150
275783	1256	100
275758	1	400
275760	1	400
273373	1	0
273373	11	1
273385	1	0
273385	7	0
273383	None	1
273386	1	0
273386	4	0
274080	1	1
274079	1	0
274079	8	1
274125	1	0
274161	1	100
274159	1	100
274157	1	0
274157	20	200
274157	355	0
274157	359	150
274157	484	100
274160	1	100
274282	1	200
274284	1	200
274283	1	200
274285	1	200
274286	1	200
274440	1	200
274441	1	200
274441	333	150
274443	1	150
274442	1	150
274868	1	200
274861	1	200
274880	1	1
275476	1	200
275658	1	300
275658	211	200
275658	232	300
275656	1	200
275656	113	300
275657	1	300
275657	9	400
275657	49	300
275659	1	300
274087	1	1
274088	1	1
274142	1	100
274147	1	100
274146	1	0
274146	4	100
274387	1	200
274388	1	200
274388	756	150
274388	1755	100
274981	1	200
274980	1	200
275344	1	200
275344	77	300
275345	1	200
163481	1	50
163737	1	100
163737	3	70
163758	1	70
163759	1	70
163759	182	50
175832	1	750
175832	35	300
175832	81	75
175860	1	150
178100	1	1050
178101	1	1050
178365	1	1500
178365	209	1200
178365	610	1050
178367	1	1050
194076	1	240
194076	564	240
195947	1	0
195947	3	300
195948	1	300
196351	1	300
196351	37	300
196351	50	300
196364	1	300
196364	815	240
200229	1	300
200229	85	300
202973	1	300
202973	1312	300
205777	1	300
206605	1	300
208352	1	300
208395	1	300
276453	1	400
276453	42	150
276454	1	400
276454	8	150
276457	1	150
276437	1	400
276437	240	300
276437	762	200
276437	1882	150
276458	1	150
276458	233	100
276455	1	150
276456	1	150
278308	1	400
278308	325	300
278308	986	240
278308	1330	200
278310	1	200
278310	674	150
278309	1	200
279716	1	300
279716	30	240
279716	353	200
279716	1271	150
279715	1	420
279715	197	400
279715	531	300
280239	1	420
280235	1	420
280236	1	420
280238	1	420
280241	1	420
280249	1	300
280249	58	240
280249	406	200
280249	1268	150
280233	1	420
280240	1	420
280242	1	420
280242	10	430
280242	86	420
280242	242	400
280242	510	300
280251	1	150
280234	1	420
281565	1	420
281624	1	420
281626	1	420
281632	1	420
281639	1	420
281639	23	400
281639	32	420
281639	111	400
281641	1	420
281641	3	400
281641	24	300
281641	33	240
281641	36	300
281641	139	240
281636	1	420
281636	5	300
281637	1	300
281638	1	300
281638	18	400
281638	21	420
281674	1	430
281674	11	430
281674	15	430
281689	1	430
281671	1	430
281693	1	430
281693	11	420
281693	194	400
281693	420	300
281693	615	240
281693	900	200
281693	1721	150
281685	1	430
281658	1	430
281686	1	430
281663	1	430
281663	116	430
281663	121	430
281662	1	430
281691	1	430
281680	1	430
281680	9	430
281659	1	430
281727	1	200
281727	526	150
281727	1529	100
281726	1	240
281726	42	200
281707	1	430
281707	99	430
281707	102	430
281707	151	430
281707	156	430
281707	193	430
281707	322	420
281707	475	400
281707	684	300
281707	873	240
167784	1	80
170826	1	110
170826	48	75
204100	1	600
204100	144	300
204545	1	300
204545	94	300
205667	1	300
205667	202	300
207328	1	0
207889	1	300
207889	33	300
276586	1	200
276586	24	150
276581	1	400
276581	330	300
276582	1	300
276582	443	200
276583	1	200
276584	1	200
276585	1	200
276587	1	150
276835	1	100
276837	1	100
276831	1	400
276831	125	300
276831	665	200
276831	1485	150
276834	1	150
276834	411	100
276824	1	400
276832	1	400
276832	6	150
276836	1	100
276830	1	400
279080	1	420
279080	80	100
279588	1	420
279588	206	400
279588	208	420
279588	281	400
279588	464	300
279588	706	240
279588	990	200
281588	1	420
281588	17	100
281589	1	420
281731	1	430
281797	1	430
281797	185	430
281797	386	420
281797	564	400
281797	776	300
281797	984	240
281797	1211	200
281797	2169	150
281824	1	430
281885	1	430
281964	1	430
281976	1	420
281976	203	400
281976	311	300
281976	531	240
281976	710	200
281976	1077	150
281976	1111	100
281976	1119	150
281976	1242	200
281976	1362	150
281976	2058	100
281975	1	430
281975	27	430
281975	166	420
281974	1	430
281974	16	420
163270	1	50
178380	1	1050
178420	1	1500
178420	5	800
178420	47	1500
178420	54	800
178479	1	1950
178479	3	800
178479	68	1500
178479	189	40
178479	637	35
190662	1	60
191202	1	120
193334	1	240
193917	1	240
195014	1	300
195015	1	300
195749	1	240
200091	1	0
200091	2	300
200091	701	300
206207	1	0
206207	3	600
206207	148	300
206550	1	600
206550	76	300
207316	1	300
276326	1	200
276318	1	300
276318	350	200
276317	1	300
276327	1	400
276327	56	200
276315	1	400
276315	126	300
276870	1	430
276870	78	420
276870	137	400
276870	488	300
276870	1040	200
276870	1803	150
276864	1	430
276935	1	430
276935	81	420
276935	265	400
276935	483	300
276935	496	400
276935	604	300
278273	1	420
278273	67	400
278273	84	300
278274	1	300
281010	1	420
281117	1	420
281117	10	6
281393	1	420
281393	8	6
281419	1	420
281419	8	6
281439	1	6
281382	1	420
281382	6	6
281443	1	6
281454	1	420
281454	3	6
281398	1	420
281398	4	6
281403	1	420
281403	11	6
282033	1	550
282033	81	430
282033	111	430
282033	115	420
282034	1	420
282035	1	420
282035	12	400
282035	34	300
282037	1	420
282037	15	400
282037	67	420
282037	203	400
282037	426	300
282037	645	240
282037	865	200
282037	1490	150
282036	1	420
163765	1	50
163793	1	70
194314	1	240
195644	1	300
205627	1	300
205627	123	300
276659	1	400
276659	3	150
276655	1	200
276655	828	150
276653	1	400
276653	74	300
276653	541	200
276886	1	430
276922	1	430
276923	1	430
277096	1	400
277096	8	300
277096	556	200
277096	1319	150
277093	1	430
277093	60	420
277094	1	420
277094	253	400
277112	1	430
277112	38	150
277305	1	430
277305	116	420
277305	319	400
277305	681	300
279298	1	420
279296	1	420
279289	1	420
279297	1	420
280186	1	420
280194	1	420
280194	14	200
280191	1	400
280191	205	300
280191	406	240
280191	728	200
280187	1	420
280187	16	430
280190	1	400
280188	1	430
280188	66	420
280188	219	400
280182	1	420
280181	1	420
280192	1	420
280193	1	200
280185	None	1
280189	1	400
282092	1	550
282092	4	430
282092	96	430
282092	111	430
282092	248	420
282092	429	400
282092	598	300
282092	815	240
282092	1074	200
282092	1836	150
282175	1	550
282175	10	430
282194	1	550
282190	1	550
282181	1	550
282184	1	550
282188	1	550
163479	1	50
163869	1	70
165088	1	10
165098	1	2000
165098	78	10
165163	1	2000
165205	1	50
165399	1	70
170307	1	35
170348	1	195
170348	6	75
170348	105	110
170348	113	75
170348	143	50
170354	1	50
170354	291	35
171106	1	110
171106	29	75
171117	1	75
171219	1	150
172791	1	225
172791	68	150
172791	665	110
172799	1	110
172799	203	75
195913	1	300
195930	1	300
195930	150	240
195936	1	80
196131	1	300
196497	1	300
198022	1	0
198022	73	3
198022	101	300
198022	109	3
198022	113	900
202205	1	300
202205	93	300
202207	1	300
202208	1	300
202209	1	300
202237	1	300
202237	102	300
202237	986	300
205310	1	600
205310	75	300
205718	1	600
205718	168	300
205718	703	300
206088	1	600
206088	93	300
206102	1	600
206102	60	300
206102	64	600
206102	83	300
206188	1	300
206868	1	300
206869	1	300
207885	1	300
277125	1	430
277127	1	420
277127	13	400
277127	356	300
277127	855	200
277126	1	430
277126	31	420
277580	1	430
277559	1	430
277981	1	200
277981	85	100
277992	1	50
277991	1	430
277991	7	50
278239	1	430
278239	79	400
278239	381	300
278240	1	300
278240	65	200
278240	778	150
278315	1	400
278315	233	300
278315	488	240
278572	1	420
278820	1	420
278820	22	400
278820	25	420
278820	106	400
278820	411	300
278820	645	240
278820	956	200
278821	1	200
278816	1	420
163480	1	50
163482	1	50
163592	1	50
163593	1	50
163658	1	70
163755	1	1
163756	1	1
165402	1	70
167551	1	80
171315	1	150
173657	1	600
173657	5	390
173657	57	300
173657	69	390
173657	91	300
173658	1	300
173660	1	300
173660	365	1
175877	1	300
175881	1	300
176933	1	1050
176933	82	750
191419	1	240
191419	36	3
193123	1	60
195099	1	300
195110	1	300
195112	1	300
195113	1	300
195647	1	300
195748	1	240
198955	1	300
198955	351	300
199409	1	300
199409	616	300
200152	1	300
200160	1	300
200161	1	300
200174	1	300
200176	1	300
200177	1	300
200525	1	300
200525	749	300
200599	1	300
200600	1	300
200600	642	300
201611	1	300
201611	132	300
202092	1	300
202301	1	300
202303	1	300
202305	1	300
202314	1	300
202314	190	300
202328	1	300
202328	136	300
202331	1	300
202332	1	300
202333	1	300
202389	1	300
202389	127	300
202389	211	0
202469	1	300
202469	141	300
202471	1	300
202472	1	300
202476	1	300
202477	1	300
202478	1	300
202478	230	300
202504	1	300
202504	83	300
202504	735	300
202869	1	0
203833	1	300
203834	1	300
203835	1	300
203835	318	300
203853	1	300
203853	122	300
203894	1	300
203894	86	300
203894	485	300
203909	1	0
203909	3	300
203909	192	300
203981	1	300
203986	1	300
204803	1	600
205236	1	600
205236	3	300
205614	1	300
205683	1	600
205683	76	300
206897	1	600
206897	29	300
206901	1	300
206940	1	300
206940	596	300
207099	1	600
207099	150	300
207099	923	300
207100	1	300
207214	1	0
207214	14	600
207214	151	300
207217	1	300
207222	1	300
276525	1	400
276525	89	300
276525	620	200
276525	1490	150
276527	1	150
276528	1	150
276528	328	100
276808	1	300
276808	512	200
276811	1	200
276811	216	150
276811	2170	100
276807	1	400
276807	158	300
276810	1	200
278072	1	430
278167	1	430
278167	86	300
278167	431	200
278167	1098	150
278175	1	430
278175	4	150
278175	63	100
163338	1	50
163358	1	50
163372	1	50
163375	1	30
163376	1	30
163378	1	30
163387	1	50
163483	1	50
163584	1	70
163585	1	70
163586	1	70
163591	1	70
163753	1	70
163754	1	70
163760	1	50
163761	1	50
163795	1	70
163795	24	100
163795	33	70
163796	1	70
163817	1	100
163817	118	70
165241	1	10
170292	1	35
175873	1	390
175873	25	390
175874	1	390
175874	14	390
175874	33	390
175874	52	390
175910	1	390
175921	1	750
175921	34	75
175921	47	300
175921	57	450
175921	177	390
175921	183	450
175976	1	300
176167	1	450
176289	1	450
176702	1	1200
176702	124	1050
176702	399	750
176797	1	1200
176797	197	1050
193093	1	240
193093	16	3
194116	1	80
194428	1	240
195016	1	240
195016	440	300
195265	1	300
196099	1	300
199868	1	300
199875	1	300
199877	1	300
199960	1	300
199961	1	300
199961	188	300
199967	1	300
199973	1	300
200041	1	300
200041	652	300
201191	1	0
201191	7	300
201191	88	300
201191	140	300
201191	875	300
201676	1	300
201678	1	300
201708	1	300
201727	1	300
201727	78	300
203992	1	300
207488	1	300
207714	1	0
207714	4	600
207714	71	0
208307	1	600
208307	11	300
208307	630	300
278817	1	420
278819	1	420
278822	1	200
278822	218	150
278822	1472	100
278822	1504	60
279207	None	1
279205	None	1
279479	1	420
279479	32	300
279479	124	100
279488	1	200
279487	1	200
279487	36	200
279487	38	200
279487	55	200
279489	1	200
279484	1	200
279480	1	200
279480	4	200
279546	1	420
279557	1	420
279539	1	420
279538	1	420
279538	5	300
279553	1	420
173662	1	210
173663	1	210
173692	1	750
173692	3	390
173692	90	300
173692	928	210
173692	2251	150
193922	1	240
194051	1	240
195109	1	300
195111	1	300
195115	1	300
195163	1	300
195664	1	240
195664	2	240
195747	1	240
195747	6	300
195747	7	240
195927	1	300
196107	1	300
196197	1	0
196197	3	300
196199	1	300
196203	1	300
196353	1	300
196458	1	240
199703	1	300
199739	1	0
199739	3	300
199745	1	300
199751	1	300
199752	1	300
199753	1	300
199754	1	300
199754	11	300
200187	1	300
200228	1	300
201807	1	300
201808	1	300
201810	1	300
202876	1	0
202909	1	0
207515	1	0
207515	3	600
207515	213	300
207515	1072	300
277202	1	430
277202	46	150
277194	1	420
277194	336	400
277194	711	300
277194	1275	200
277194	2028	150
277201	1	430
277863	1	430
277861	1	100
277860	1	1
277862	1	100
277864	1	430
279543	1	420
279584	1	420
279667	1	420
279667	107	430
279667	145	420
279667	310	400
279667	584	300
279667	785	240
279691	1	420
279691	94	430
279694	1	430
279694	44	420
279694	248	400
279694	524	300
279694	745	240
279694	1036	200
279694	1913	150
280952	1	420
280953	1	420
280958	1	420
280960	1	420
280946	1	420
165120	1	2000
165120	28	20
177182	1	65
177182	2	40
177878	1	1050
179410	1	1500
179410	16	40
179431	1	1950
179431	3	1500
195655	1	300
199804	1	300
199804	561	300
200042	1	300
200049	1	300
200049	320	300
201803	1	300
201805	1	300
203742	1	300
204564	1	300
204564	436	300
204566	1	300
205214	1	300
205233	1	0
205233	5	600
205235	1	300
205599	1	600
205834	1	300
275963	1	400
278337	1	400
278322	1	400
279794	1	420
279794	79	430
279794	157	420
279794	341	400
279794	628	300
279794	870	240
280955	1	420
280938	1	420
280948	1	420
280947	1	420
281084	1	420
281085	1	420
281165	1	6
281155	1	6
281166	1	420
281166	5	6
281167	1	420
165233	1	10
167913	1	40
167913	13	80
167913	15	40
167913	361	20
170255	1	35
170303	1	35
170304	1	35
170406	1	35
172819	1	225
172819	42	150
178099	1	1050
179547	1	1950
179547	5	1500
179547	234	800
179977	1	1500
179977	141	40
190688	1	60
190688	4	240
200178	1	300
201005	1	300
201005	49	300
201097	1	300
201097	500	300
201113	1	1
201114	1	300
201173	1	300
201174	1	300
201174	415	300
201176	1	300
201624	1	300
201624	176	300
201625	1	300
201625	738	300
201692	1	300
201692	130	300
201705	1	300
201705	79	300
201706	1	300
204600	1	300
204797	1	600
205193	1	0
205193	4	600
205193	61	300
205193	65	600
205193	100	300
205193	805	300
205217	1	300
205237	1	300
205238	1	300
205238	164	300
205303	1	600
205303	38	300
205344	1	300
205344	377	300
205515	1	600
205515	84	300
206066	1	0
206066	6	600
206066	134	300
206304	1	300
206389	1	0
206389	4	600
206389	124	300
206390	1	300
206391	1	300
206446	1	0
206446	5	600
206446	147	300
206446	967	300
206466	1	600
206466	79	300
206476	1	600
206575	1	300
206744	1	600
206744	51	300
206859	1	0
206859	3	600
206859	162	300
206866	1	300
206866	216	300
207269	1	0
207269	4	600
207269	88	300
207273	1	300
207273	310	300
278018	1	400
278018	195	300
278018	702	200
278017	1	430
278017	429	420
278017	455	400
278769	1	420
278770	1	420
278770	42	400
278770	435	300
278770	645	240
279071	1	420
279071	70	200
279071	158	150
279073	1	150
279072	1	150
279115	1	420
279115	123	200
279115	216	240
279115	248	300
279115	295	400
279115	351	420
279115	564	150
279116	1	400
279116	163	300
279116	391	240
279654	1	420
279654	14	400
279654	306	300
279654	506	240
279654	831	200
279658	1	200
279658	173	150
279657	1	200
279653	1	420
279656	1	200
280361	1	420
280327	1	420
280330	1	420
280330	187	400
280330	470	300
280330	690	240
280363	1	420
280363	3	150
280363	5	200
280363	243	150
280349	1	240
280349	151	200
280349	471	150
280349	481	200
280364	1	150
280364	1202	100
280362	1	420
281090	1	420
281089	1	420
281088	1	420
281145	1	6
281164	1	6
281178	1	420
281178	22	6
281156	1	6
281189	1	6
281201	1	6
281242	1	6
281280	1	6
281222	1	6
281209	1	6
281285	1	6
281286	1	420
281286	5	6
281213	1	420
281213	17	6
281256	1	420
281256	14	6
281216	1	6
281200	1	6
281202	1	420
281265	1	6
281227	1	6
281207	1	6
281208	1	420
163369	1	50
163377	1	30
167674	1	80
170876	1	75
170876	181	50
170876	415	35
170901	1	35
171088	1	1
175866	1	150
176202	1	450
176207	1	450
176207	94	390
176698	1	1500
190462	1	3
190591	1	240
190591	12	60
191090	1	120
191090	56	0
193998	1	240
195013	1	300
195776	1	300
195776	426	240
195868	1	300
195915	1	300
195917	1	300
195919	1	300
195925	1	300
195970	1	0
195970	2	300
200991	1	300
200991	550	300
201200	1	300
201200	157	300
201229	1	300
201229	54	300
201658	1	300
201658	3	300
201668	1	300
201668	107	300
201671	1	300
201671	559	300
201679	1	300
203991	1	300
203994	1	300
204553	1	300
205111	1	0
205111	4	600
205111	89	300
205111	92	600
205111	114	300
205611	1	300
205826	1	600
205826	85	300
205908	1	600
205921	1	600
205921	25	300
206258	1	300
206297	1	0
206297	4	600
206302	1	600
206302	35	300
206539	1	600
206939	1	0
206939	4	600
206939	34	300
207219	1	300
207219	4	300
207220	1	300
207371	1	600
207371	72	300
207397	1	600
207397	29	300
207397	32	600
207397	60	300
207477	1	600
207477	178	300
278270	1	420
278270	9	3
280226	1	420
280226	23	430
280384	1	430
280384	15	420
280385	1	420
280385	178	400
280385	466	300
280385	631	240
280385	1011	200
280385	2002	150
280383	1	420
280383	68	430
281231	1	420
281231	7	6
172868	1	150
172868	554	110
172868	1755	75
173236	1	600
173236	4	450
173236	76	390
175833	1	75
175834	1	75
175835	1	75
175857	1	750
175857	25	300
175857	31	150
175858	1	150
175888	1	300
178102	1	1050
178110	1	1950
178110	2	1500
178110	259	1200
178151	1	1950
178151	45	1500
178424	1	700
190492	1	3
191421	1	3
193928	1	240
194108	1	240
194108	821	240
194224	1	240
199862	1	300
199863	1	300
199864	1	300
199867	1	300
199867	87	300
200992	1	300
201115	1	300
201159	1	0
201159	4	300
201164	1	300
201168	1	300
201168	198	300
201554	1	300
201554	93	300
202000	1	0
202000	18	300
202084	1	300
202084	87	300
205519	1	300
205519	281	300
275918	1	200
275920	1	200
275920	13	150
275923	1	150
275911	1	400
275911	259	300
275912	1	300
275912	261	200
275931	1	150
275913	1	200
275921	1	150
275922	1	150
276094	1	400
276093	1	400
276097	1	400
276097	107	300
276095	1	400
276092	1	400
276096	1	400
278287	1	420
278288	1	420
278288	74	300
278289	1	300
278290	1	300
279304	None	1
279311	None	1
280307	1	420
280307	41	3
163402	1	50
163475	1	50
163476	1	50
163596	1	50
163657	1	70
163660	1	70
163661	1	50
165268	1	10
165271	1	10
190488	1	1
194270	1	240
195114	1	300
198207	1	300
198208	1	300
198210	1	300
198212	1	300
198212	264	900
198213	1	900
198215	1	900
200180	1	300
200185	1	300
200186	1	300
200188	1	300
200960	1	0
200960	8	300
200976	1	300
201815	1	300
202299	1	300
202299	165	300
203912	1	300
203912	382	300
206573	1	300
206594	1	600
206594	108	300
206596	1	300
206596	324	300
207279	1	600
207279	69	300
207279	902	300
207883	1	300
207884	1	300
207886	1	300
208302	1	300
208538	1	600
276186	1	400
276190	1	400
276183	1	400
276185	1	400
276181	1	400
278395	1	400
278406	1	420
278406	183	400
278406	477	300
278406	650	240
278406	1017	200
278957	1	420
278954	1	420
279887	1	420
279887	65	430
279887	78	420
279887	298	400
281103	1	420
281103	23	6
281130	1	420
281130	27	6
281131	1	6
281508	1	420
281508	89	6
281590	1	420
163478	1	50
163580	1	70
163581	1	70
163582	1	70
163583	1	70
163587	1	70
163588	1	70
163589	1	70
163589	47	50
166346	1	200
166346	8	100
172255	1	150
172475	1	110
172630	1	225
172630	11	150
176023	1	750
176023	2	600
176023	60	450
176023	66	600
176163	1	450
177875	1	1950
177875	9	1500
177875	149	1200
177875	482	1050
178078	1	1500
178160	1	1500
178160	210	1200
178162	1	1200
178162	34	1050
178677	1	1500
178708	1	800
180251	1	800
194790	1	240
195950	1	300
195950	849	240
196048	1	300
196094	1	300
196097	1	300
196201	1	300
196433	1	300
198214	1	900
198269	1	300
198271	1	300
198271	463	300
198346	1	300
198372	1	300
198485	1	300
198486	1	300
198487	1	300
198487	451	300
198522	1	300
198898	1	0
198898	3	300
198898	125	300
198941	1	300
199103	1	0
199103	56	300
199428	1	300
199428	595	300
201197	1	300
204511	1	300
204555	1	300
204599	1	0
204599	3	600
204599	143	300
204792	1	600
204792	5	0
205158	1	0
205158	3	600
205158	102	300
205311	1	300
205311	168	300
205339	1	600
205339	75	300
205618	1	300
206210	1	300
206210	486	300
206243	1	0
206243	3	600
206243	165	300
206243	909	300
206245	1	300
206246	1	300
206257	1	300
206301	1	300
206303	1	300
206478	1	300
206512	1	0
206512	2	600
206512	96	300
206512	883	300
208341	1	300
208341	407	300
208407	1	300
208428	1	300
208429	1	300
208487	1	600
208487	40	300
208540	1	600
208540	13	300
208541	1	300
208553	1	300
208686	1	0
208686	6	600
208686	148	300
277148	1	430
277148	84	400
277148	395	300
277168	1	430
277168	9	300
277168	267	200
277168	973	150
277166	1	430
277166	102	400
277166	193	300
278873	1	420
278873	76	300
278873	95	240
278874	1	240
278874	53	300
278874	197	240
278874	404	200
278875	1	200
278875	219	150
278875	224	200
278875	422	150
278875	424	200
278875	533	150
281546	1	6
281545	1	420
281545	11	6
281611	1	420
163630	1	70
163662	1	50
163663	1	50
163664	1	50
163668	1	50
163751	1	70
163752	1	1
165103	1	10
167746	1	80
175872	1	390
175872	65	390
175872	68	390
194535	1	240
196438	1	300
196438	521	240
196509	1	300
196531	1	300
198202	1	300
198211	1	300
198229	1	0
198229	5	300
198230	1	300
198249	1	300
198954	1	300
198969	1	300
198969	673	300
199008	1	300
199011	1	300
199318	1	300
199319	1	300
199319	686	300
199336	1	300
199356	1	300
199429	1	300
199435	1	300
199435	590	300
199436	1	300
199436	642	300
199563	1	300
199564	1	300
199565	1	300
199566	1	300
199567	1	300
199568	1	300
199569	1	300
199569	354	300
199570	1	300
199571	1	300
199572	1	300
199573	1	300
199574	1	300
199608	1	300
199608	602	300
199608	2267	300
199698	1	0
199698	10	300
199701	1	300
200601	1	300
202091	1	300
203780	1	300
203830	1	0
203830	5	300
203830	86	300
203832	1	300
204113	1	600
204113	183	300
204238	1	600
204238	38	300
205694	1	300
205694	94	300
207875	1	600
207875	2	0
207882	1	600
207882	38	300
208535	1	600
208551	1	600
208551	105	300
208551	290	300
208552	1	300
209089	1	300
209089	8	300
209089	35	300
209089	39	300
209106	1	300
209106	42	300
209109	1	300
209146	1	0
209146	3	300
209148	1	300
209151	1	300
209151	311	300
276494	1	400
276495	1	400
276502	1	150
276501	1	400
276501	354	300
276501	821	200
276501	1849	150
277180	1	430
277180	93	420
277180	147	400
277420	1	430
277420	73	400
277420	78	430
277420	84	420
277420	237	400
277847	1	430
278001	1	430
277998	1	430
281612	1	420
281613	1	420
281613	108	15
281613	123	20
281613	131	30
281613	141	430
281613	157	420
281613	170	400
281613	178	300
281613	185	240
281613	193	200
281613	200	150
281613	206	100
281613	212	60
281613	219	30
281613	228	20
281613	237	15
281613	242	20
281616	1	420
281616	3	20
281616	15	150
281616	228	20
281616	236	15
281616	251	20
281616	263	10
281616	271	15
281616	366	10
163289	1	30
163296	1	30
163296	4	50
163297	1	50
163300	1	50
163301	1	30
163302	1	30
163308	1	30
171156	1	225
171156	212	110
171895	1	110
172163	1	150
172163	544	110
172268	1	225
172268	2	150
172286	1	150
172507	1	110
172516	1	110
176169	1	450
176848	1	750
178667	1	800
178667	45	1500
190490	1	3
190491	1	3
190592	1	240
190592	4	60
190593	1	60
190595	1	60
190661	1	60
190663	1	60
190678	1	60
190679	1	60
190702	1	60
190702	67	120
190703	1	120
190704	1	120
190705	1	120
190705	95	60
190706	1	240
190706	9	60
190707	1	60
190708	1	60
190906	1	120
190945	1	120
190949	1	120
190949	82	0
191043	1	120
191242	1	40
191247	1	120
191248	1	120
191264	1	240
191264	13	120
191264	76	240
191271	1	240
191276	1	240
191367	1	240
191367	3	0
191387	1	240
191387	3	0
191404	1	3
191406	1	3
191411	1	240
191694	1	240
191695	1	240
191697	1	80
191700	1	240
191701	1	240
191718	1	240
191720	1	240
191721	1	240
191723	1	80
191810	1	240
191811	1	240
191830	1	240
191832	1	80
191833	1	240
193112	1	0
193112	20	60
193112	54	0
193115	1	80
193116	1	0
193124	1	240
193124	8	60
193192	1	240
193192	31	60
193192	39	0
193192	51	240
193193	1	240
193207	1	300
193336	1	240
193336	608	120
193621	1	240
193833	1	240
193834	1	240
193898	1	240
193904	1	240
193905	1	240
194150	1	240
194151	1	240
194151	498	240
194153	1	240
194199	1	240
194210	1	240
194210	422	240
194223	1	240
194303	1	240
194304	1	240
194305	1	240
194427	1	240
194429	1	240
194429	26	240
194439	1	240
194455	1	240
194464	1	240
194479	1	240
194480	1	240
194480	312	240
194702	1	240
194704	1	240
194704	382	240
194711	1	240
194897	1	240
194914	1	240
194914	3	300
194914	17	240
194914	21	300
194914	25	240
194915	1	240
195147	1	300
195164	1	300
195165	1	300
195249	1	300
195251	1	300
163286	1	50
163286	108	30
163332	1	30
163332	8	50
163385	1	50
165248	1	10
165558	1	50
165567	1	100
165567	541	70
165570	1	70
165570	696	50
165617	1	100
167785	1	80
167786	1	80
171446	1	225
171446	3	150
171446	375	110
171484	1	195
171484	80	150
171484	359	110
172014	1	150
172024	1	150
172033	1	150
172033	256	110
172400	1	150
172400	460	110
172444	1	1
172476	1	110
172478	1	110
172485	1	195
172485	3	150
175837	1	75
175865	1	150
177785	1	1050
177786	1	1050
177786	44	1500
177788	1	1500
177788	22	1200
177788	30	1050
177791	1	1050
178116	1	1200
178116	180	1050
191046	1	120
191056	1	240
191057	1	240
191057	10	120
191062	1	120
191226	1	240
191226	38	120
193999	1	240
194027	1	240
194052	1	240
195303	1	300
195304	1	300
195378	1	300
195378	3	300
195378	1301	240
195379	1	240
195399	1	240
195522	1	300
195523	1	300
195524	1	300
195527	1	300
195528	1	300
195529	1	300
195530	1	300
195540	1	300
195551	1	300
195552	1	300
195552	1307	240
195633	1	300
195634	1	300
195656	1	300
195757	1	240
195758	1	240
195773	1	300
195774	1	300
195775	1	300
195841	1	300
195929	1	300
195937	1	240
195963	1	300
196019	1	0
196019	3	300
196023	1	300
196027	1	300
196046	1	300
196047	1	300
196090	1	300
196095	1	300
196096	1	300
196098	1	300
196103	1	300
196122	1	240
196122	4	300
196135	1	300
196200	1	300
196202	1	300
196218	1	300
196239	1	300
196239	835	240
196249	1	300
196250	1	300
196251	1	300
196252	1	300
196334	1	0
196334	3	300
196349	1	300
196350	1	300
196352	1	300
196357	1	300
196359	1	300
196361	1	300
196362	1	300
196363	1	300
196430	1	0
196430	2	300
196431	1	300
196432	1	300
196437	1	300
196452	1	0
196452	2	300
196453	1	300
196453	805	240
196495	1	0
196495	2	300
196501	1	300
196508	1	300
198023	1	900
198040	1	300
198041	1	900
198044	1	900
198045	1	900
198046	1	300
198047	1	900
198048	1	900
198049	1	900
198050	1	900
198063	1	900
198116	1	300
163334	1	50
163655	1	70
163665	1	50
163738	1	70
165993	1	200
165993	4	100
165993	773	70
165993	778	100
166859	1	200
166859	27	100
167675	1	80
167675	518	55
167676	1	55
167740	1	150
167740	4	80
167754	1	80
170298	1	35
170376	1	225
170376	54	110
170376	57	75
170376	60	1
170842	1	75
171050	1	225
171050	54	150
171050	93	110
171875	1	150
171926	1	150
172208	1	150
172252	1	150
172254	1	150
172488	1	150
172488	14	75
172495	1	75
172495	116	110
172497	1	110
172798	1	110
172802	1	75
172802	304	50
172822	1	150
172822	616	110
172822	1922	75
172824	1	75
175974	1	600
176206	1	450
176286	1	450
176286	63	600
176286	166	450
176304	1	450
176304	67	600
176304	187	450
176308	1	450
176309	1	450
176309	224	390
176309	484	300
176309	697	210
176309	985	150
176795	1	1950
176795	4	1500
176795	43	1950
176796	1	1950
176796	11	1500
176796	46	1200
176799	1	1050
176799	154	750
176801	1	750
176805	1	750
176807	1	750
176844	1	1050
176844	62	750
176850	1	750
176860	1	750
176868	1	750
176885	1	1200
176886	1	1200
176886	75	1050
176886	379	750
176889	1	750
176927	1	65
176928	1	1950
176928	8	1200
176929	1	1200
176929	172	1050
176959	1	1200
176982	1	1950
176982	4	1050
177053	1	1950
177053	43	1200
177053	265	1050
177053	531	750
177074	1	1950
177074	26	1200
177074	201	1050
177074	488	750
177088	1	1950
177088	3	1200
177095	1	1950
177095	3	1200
177095	99	1050
177096	1	1050
177096	130	750
177131	1	1950
177131	39	1500
177138	1	1500
177138	72	1200
177139	1	1200
177139	286	1050
177139	532	750
177140	1	750
177141	1	750
177183	1	1200
177183	9	1500
177183	99	1200
177184	1	1200
177201	1	1200
177201	63	1500
177201	258	1200
177201	440	1050
177222	1	1950
177222	41	1500
177222	59	1200
177313	1	1950
177313	4	1200
177313	62	1500
177316	1	1500
177317	1	1500
177318	1	1500
177318	70	1200
177318	369	1050
177319	1	1050
177449	1	1950
177449	2	1200
177449	45	1500
177449	236	1200
177452	1	1200
177452	157	1050
177719	1	1050
177730	1	1950
177730	36	1500
177730	51	1200
177730	56	1500
177730	214	1200
177730	431	1050
177776	1	1950
177776	8	1200
177776	52	1500
177782	1	1950
177782	74	1200
177782	80	1500
177782	161	1200
178669	1	1500
178670	1	1500
178671	1	50
178675	1	800
178675	12	1500
178703	1	1950
178703	3	800
178703	31	1500
178703	177	800
178712	1	800
178712	8	700
178724	1	700
178731	1	700
178738	1	700
178786	1	1950
178786	20	800
178786	67	1500
178786	194	800
178803	1	1950
178803	3	800
178803	56	1500
178803	152	800
178840	1	1950
178840	2	800
178840	47	1500
178840	200	800
178970	1	1500
178970	158	800
178985	1	800
178985	7	700
179434	1	800
179434	28	1500
179434	84	800
179434	572	700
179452	1	700
179476	1	700
179497	1	1950
179497	4	1500
179497	193	800
179558	1	800
190482	1	3
190538	1	240
190538	3	3
190539	1	3
190710	1	60
166010	1	100
166011	1	100
166033	1	200
166033	13	140
166033	27	100
166486	1	200
166486	3	100
166502	1	200
166502	3	100
166512	1	100
166784	1	100
166787	1	100
166787	12	70
166840	1	1
166841	1	100
166842	1	100
166842	8	70
166861	1	100
167041	1	80
167041	396	55
167043	1	55
167078	1	80
167098	1	80
167098	424	7
167098	447	80
170286	1	225
170286	3	110
170286	83	75
170286	87	35
170378	1	35
170378	4	1
170380	1	75
170382	1	75
170382	8	50
170382	10	35
170397	1	35
170527	1	150
170527	13	110
170527	44	75
171178	1	110
171178	149	75
171178	731	50
171274	1	150
171282	1	150
171578	1	150
171578	348	110
171578	697	75
175863	1	150
176166	1	450
176201	1	750
176201	2	450
176201	41	600
176201	135	450
177507	1	1950
177507	28	1200
177507	42	1500
177507	64	1950
177507	67	1200
177509	1	1200
177509	8	1050
177509	110	1200
177515	1	1200
177515	6	1050
177718	1	1950
177718	44	1500
177718	121	1200
177718	491	1050
178022	1	1950
178022	8	1200
178098	1	1500
178098	184	1200
178098	492	1050
179563	1	800
179563	346	700
179889	1	1950
179889	19	1500
179889	169	800
190456	1	240
190456	9	3
190459	1	240
190459	5	3
190465	1	3
190645	1	3
190646	1	3
190659	1	60
190659	71	240
190733	1	120
190734	1	40
190735	1	40
190736	1	120
190738	1	120
190782	1	120
190895	1	120
191424	1	3
191693	1	80
191834	1	240
191837	1	240
191839	1	240
191842	1	240
191845	1	240
191849	1	240
191856	1	240
191857	1	240
191858	1	240
191859	1	240
193541	1	240
193556	1	240
193557	1	240
193575	1	240
193835	1	240
193836	1	240
193878	1	240
193919	1	240
193925	1	240
194050	1	240
194050	701	240
194050	1777	240
194075	1	240
194115	1	240
194115	713	240
194117	1	240
194119	1	240
194120	1	240
194120	334	240
194225	1	240
194315	1	240
194317	1	240
194424	1	240
194533	1	240
194619	1	240
194627	1	240
194631	1	240
194643	1	240
194644	1	240
194691	1	240
194699	1	240
194712	1	240
194712	515	240
194735	1	240
194778	1	240
194785	1	240
194786	1	240
194787	1	240
194788	1	240
194789	1	240
194825	1	240
194896	1	240
194912	1	240
195266	1	300
195385	1	240
195387	1	240
195390	1	240
195396	1	300
195397	1	300
195398	1	300
195398	188	240
195398	1313	240
195526	1	300
195645	1	300
195649	1	300
195658	1	300
195658	49	240
195916	1	300
195918	1	300
195923	1	300
195926	1	300
166052	1	100
166052	113	70
166052	115	100
166052	116	70
166143	1	1
166143	11	1
166144	1	1
166145	1	1
166147	1	100
166148	1	100
166149	1	100
166150	1	100
166161	1	100
166163	1	100
166374	1	200
166374	3	100
166375	1	1
166377	1	100
166514	1	100
166514	12	70
166563	1	100
167284	1	55
167284	892	40
167673	1	150
167673	3	80
170249	1	110
170249	42	50
170249	46	35
170396	1	1
170722	1	150
170722	116	110
170722	119	75
170722	219	110
170759	1	225
170759	15	75
170759	337	50
170854	1	75
170896	1	35
170899	1	35
171090	1	1
171091	1	110
171098	1	110
171102	1	110
171116	1	1
171369	1	195
171369	61	150
171876	1	150
171876	382	110
171879	1	110
171880	1	110
171890	1	110
171897	1	110
171897	296	75
171921	1	225
171921	4	150
172468	1	110
172473	1	110
172590	1	1
172592	1	1
172619	1	75
172620	1	75
172635	1	150
172778	1	225
172778	3	150
172801	1	75
175875	1	390
175886	1	300
175887	1	300
175906	1	750
175906	50	300
175906	52	750
175906	71	390
175907	1	13
175971	1	750
175971	49	450
175971	61	600
175973	1	600
175975	1	600
175975	180	300
175990	1	750
175990	4	75
175990	27	600
175990	57	450
176161	1	450
176165	1	450
176466	1	450
176467	1	450
176467	113	390
176468	1	390
176469	1	390
176470	1	300
176545	1	750
176547	1	750
176547	28	450
176548	1	450
176548	121	390
176548	625	300
176765	1	1200
176765	67	1500
176765	111	1950
176771	1	1200
176771	65	1500
176771	79	1950
176771	149	1500
176841	1	1200
176841	122	1050
176842	1	1050
177783	1	1200
177783	243	1050
177789	1	1050
177790	1	1050
178421	1	800
178421	34	1500
178421	42	1950
178421	111	1500
178421	230	800
178421	510	700
191086	1	120
191201	1	120
191244	1	40
191277	1	240
191691	1	120
191691	67	240
191692	1	240
191692	20	120
191726	1	240
191800	1	240
191808	1	80
163269	1	50
163337	1	50
163368	1	50
163370	1	50
163371	1	50
163374	1	50
163374	672	30
163757	1	70
163763	1	50
165099	1	10
165102	1	2000
165102	5	10
165121	1	20
165121	243	15
165150	1	10
165165	1	15
165168	1	15
165208	1	50
165229	1	200
165229	29	15
165229	38	10
165238	1	10
165254	1	10
165255	1	10
165262	1	10
165269	1	10
165400	1	70
165415	1	70
165415	812	50
165467	1	100
165467	114	70
166164	1	100
166530	1	200
166530	38	100
166530	42	140
166554	1	100
166562	1	100
166565	1	100
166565	12	70
166699	1	100
166860	1	100
166862	1	1
166863	1	100
166864	1	100
166864	318	70
166888	1	100
166889	1	100
166890	1	100
166893	1	100
166894	1	100
166895	1	100
166895	135	70
166911	1	100
166921	1	100
166922	1	100
166923	1	100
166946	1	100
166947	1	100
166950	1	100
166960	1	100
166960	60	70
166966	1	70
166967	1	70
167039	1	80
170452	1	225
170452	23	110
170452	75	150
170452	80	75
171812	1	150
171812	324	110
172011	1	15
275887	1	400
275886	1	400
275886	8	300
275886	22	400
275886	25	300
275886	69	400
275890	1	400
275890	9	300
275890	504	200
173659	1	300
173661	1	210
178854	1	800
178854	64	700
178866	1	700
178871	1	700
178920	1	1950
178920	35	1500
178920	207	800
179411	1	800
179411	7	1500
179411	10	800
179411	24	1500
179411	97	1950
179959	1	1950
179959	62	1500
180072	1	1950
180072	2	1500
180072	62	800
180072	80	1950
180072	105	40
180076	1	800
180076	202	1950
180076	229	800
180091	1	800
180093	1	800
180093	99	700
180093	327	1950
180241	1	1950
180241	4	1500
180241	66	800
180241	100	1950
180241	130	800
180249	1	1950
180249	3	1500
180250	1	1500
180250	238	800
180252	1	800
163333	1	50
163339	1	30
163340	1	30
163659	1	70
165272	1	10
165364	1	70
165364	1133	50
165472	1	70
165472	493	50
165486	1	100
165487	1	100
165506	1	100
165506	58	70
165514	1	70
165514	41	100
165523	1	200
165523	6	100
165525	1	100
165529	1	100
165536	1	100
165537	1	100
165537	13	70
165542	1	70
165542	162	50
165548	1	50
165619	1	100
165620	1	100
165633	1	200
165633	3	100
165970	1	200
165970	9	100
166034	1	100
166034	203	70
166049	1	200
166049	16	140
166049	57	100
166051	1	100
166379	1	100
166380	1	100
166380	638	70
166394	1	100
166408	1	200
166408	30	100
166429	1	200
166429	5	100
166438	1	100
166439	1	100
166462	1	200
166462	16	100
166701	1	100
166701	79	70
166763	1	100
166781	1	200
166781	3	100
166782	1	100
166839	1	200
166839	6	100
167102	1	150
167102	7	55
167103	1	55
167150	1	80
167151	1	80
167281	1	80
167282	1	80
167282	38	55
167283	1	55
167807	1	80
167807	1406	55
167830	1	55
167830	172	40
167830	459	20
167898	1	150
167898	4	80
167898	1334	55
167898	1655	40
172389	1	225
172389	4	150
172399	1	225
172399	2	150
172401	1	110
172411	1	225
172411	4	150
172448	1	1
172451	1	1
172457	1	1
172847	1	225
172847	2	150
172865	1	195
172865	3	150
172867	1	150
172949	1	195
172949	2	150
172949	934	110
172951	1	110
172952	1	110
172952	681	75
172992	1	150
172998	1	150
172998	50	110
172998	66	75
172998	81	50
172999	1	110
173198	1	150
173198	666	110
173240	1	390
173241	1	390
173241	17	300
173241	760	1
173243	1	210
173243	14	300
173244	1	300
173380	1	750
173380	4	390
173380	200	300
173381	1	300
173389	1	390
173389	283	300
173406	1	750
173406	22	390
173430	1	300
173431	1	300
173438	1	300
173439	1	390
173439	307	300
173664	1	210
176697	1	1500
176701	1	1500
176701	8	1200
198523	1	300
199021	1	300
199021	683	300
199699	1	300
199699	389	300
199833	1	300
199833	411	300
200075	1	0
200075	4	300
200466	1	300
200466	91	300
200466	142	300
200990	1	0
200990	5	300
201199	1	300
201202	1	300
201812	1	300
201813	1	300
201816	1	300
201824	1	300
202013	1	300
202014	1	300
202016	1	300
202016	203	300
202044	1	300
202044	116	300
202045	1	300
202045	340	300
202046	1	300
202047	1	300
202051	1	300
202088	1	300
203777	1	300
203778	1	300
203778	51	300
205666	1	600
205666	99	300
206187	1	600
206187	201	300
206199	1	600
206199	6	300
206484	1	0
206484	4	600
206484	224	300
206745	1	300
206745	349	300
206745	1965	300
207320	1	300
207398	1	300
207454	1	600
207454	138	300
207454	982	300
207468	1	600
207468	77	300
207491	1	300
207779	1	0
207788	1	80
207789	1	0
207790	1	0
207813	1	0
207813	3	0
207897	1	0
207897	2	600
207897	92	300
207905	1	0
207905	3	600
207905	74	300
207905	78	600
207905	136	300
207905	931	300
207920	1	600
207920	125	300
207921	1	300
207922	1	300
207922	15	300
207924	1	300
208299	1	600
208300	1	600
208303	1	300
208304	1	600
208339	1	600
208339	85	300
208351	1	600
208351	135	300
208353	1	300
208357	1	300
208357	90	300
208390	1	0
208390	4	600
208390	157	300
208391	1	300
208391	685	300
208406	1	300
208509	1	600
208509	60	600
276508	1	400
276765	1	400
276769	1	400
276776	1	200
276776	458	150
276794	1	400
276794	8	150
276794	413	100
276767	1	400
276775	1	400
276775	184	300
276775	780	200
277853	1	430
277854	1	430
277856	1	430
278509	1	400
278509	100	420
278509	191	400
278509	529	300
278509	691	240
278509	1044	200
279822	1	420
279823	1	420
279823	26	430
279823	50	420
279823	366	400
279931	1	420
279931	71	200
279931	74	420
279931	262	400
279931	521	300
279931	752	240
279931	1088	200
279931	1946	150
199834	1	300
199834	656	300
201366	1	300
201393	1	300
201418	1	300
201613	1	300
201718	1	300
201718	66	300
203836	1	300
203836	23	0
204484	1	300
204554	1	300
206331	1	600
206331	187	300
276235	1	400
276235	4	300
276237	1	400
276243	1	150
276242	1	400
276242	9	300
276242	465	200
276242	1385	150
276244	1	150
277277	1	430
277278	1	430
277279	1	430
277933	1	1
277932	1	1
277934	1	1
278136	1	430
278193	1	430
278193	3	400
278193	76	420
278193	122	400
278345	1	400
278345	309	300
278345	620	240
278346	1	240
278346	112	200
278349	1	200
278349	318	150
278349	325	200
278349	467	150
278366	1	150
278761	1	420
278761	5	3
278976	1	150
278969	1	420
278969	373	400
278969	644	300
278969	872	240
278969	1198	200
278975	1	200
278975	600	150
201669	1	300
201707	1	300
201707	579	300
201794	1	300
201802	1	0
201802	8	300
201802	172	300
201806	1	300
201809	1	300
201817	1	300
201818	1	300
201819	1	300
201819	231	300
202012	1	300
202012	58	300
202074	1	300
202074	85	300
202075	1	300
202075	616	300
202272	1	300
202272	79	300
202272	637	300
202304	1	300
202304	116	300
203739	1	300
203980	1	300
203985	1	300
206448	1	300
276044	1	400
276074	1	400
276063	1	400
276054	None	1
276071	1	400
276072	1	400
276049	1	400
276062	1	400
276064	1	400
276279	1	400
276282	1	400
276282	376	300
276282	971	200
276271	1	400
276276	1	400
276283	1	200
276283	778	150
276948	1	300
276942	1	400
276942	8	420
276947	1	400
276947	96	300
276950	1	300
276950	42	200
276950	881	150
276945	1	420
276940	1	430
276940	82	420
276940	123	400
276941	1	400
276944	1	420
276946	1	420
276946	9	400
277822	1	430
277826	1	430
277833	1	430
277827	None	1
277824	1	430
277820	1	430
277829	1	430
277832	1	430
277819	1	430
277835	1	430
277823	1	430
277816	1	430
277828	1	430
278765	1	420
278765	9	400
279682	1	430
279682	6	420
279683	1	420
279684	1	420
279685	1	420
279685	7	400
279685	10	420
279685	43	400
199812	1	300
199812	629	300
199832	1	300
200473	1	300
200473	498	300
200491	1	300
200515	1	300
200518	1	300
200532	1	300
201062	1	0
201062	3	300
201535	1	300
201535	12	3
201612	1	300
202087	1	300
202087	501	300
202093	1	300
202116	1	300
202178	1	300
202178	85	300
202178	664	300
203002	1	0
203002	4	300
203002	103	300
203002	766	300
203987	1	300
203987	310	300
204114	1	300
204114	259	300
204577	1	300
204577	633	300
204795	1	0
204795	90	600
205781	1	300
205833	1	0
205833	5	600
205833	168	300
206401	1	600
206401	181	300
206540	1	600
206541	1	600
207221	1	300
207231	1	600
207231	181	300
207231	985	300
207233	1	300
208392	1	300
208394	1	300
208397	1	300
208402	1	300
278474	1	400
278807	1	240
278802	1	420
278804	1	400
278800	1	420
278801	1	420
278805	1	400
278805	88	300
278805	285	240
278806	1	240
278803	1	420
278803	107	400
278808	1	240
278808	343	200
278808	1235	150
278962	1	420
278962	195	400
278963	1	400
278963	108	300
279681	1	420
279681	81	430
201193	1	300
201195	1	300
201196	1	300
206208	1	300
206208	231	300
208296	1	600
275958	1	400
275960	1	400
276434	1	400
276544	1	150
276545	1	150
276542	1	400
276542	321	300
276543	1	300
276543	29	200
276543	936	150
277087	1	430
277087	168	100
277076	1	150
277071	1	200
277069	1	430
277069	85	420
277069	89	430
277069	94	420
277075	1	150
277086	1	430
277070	1	420
277070	11	400
277070	39	420
277070	67	400
277070	323	300
277070	803	200
277072	1	200
277072	306	150
277073	1	430
277073	21	150
277081	1	430
277534	1	430
277536	1	430
277842	1	430
279966	1	420
279966	77	430
279966	275	420
279966	402	400
279975	1	420
279975	76	430
279975	87	430
279975	118	430
279975	279	420
279975	489	400
279975	749	300
279975	952	240
279967	1	420
279994	1	430
280014	1	420
280024	1	100
280006	1	420
280006	19	400
280015	1	420
280015	7	400
280015	82	300
280015	287	240
279990	1	420
280002	1	420
280007	1	420
280007	14	400
280020	1	100
279993	1	420
279993	89	430
280018	1	200
280018	160	150
280018	596	100
279991	1	420
280013	1	420
280021	1	100
280023	1	100
280016	1	420
280016	6	200
280019	1	100
280022	1	100
279995	1	430
280001	1	420
280017	1	200
198270	1	300
198272	1	300
200190	1	300
200243	1	300
201390	1	300
201419	1	300
201420	1	300
201729	1	300
201804	1	300
202086	1	300
202880	1	0
202972	1	300
202972	9	300
202972	530	300
204101	1	300
204506	1	600
204506	70	300
204541	1	0
204541	4	600
204541	83	300
204544	1	300
204576	1	600
204576	87	300
204601	1	300
204601	488	300
204798	1	300
204799	1	300
204800	1	600
204809	1	600
204812	1	600
205086	1	0
205086	4	600
205086	57	300
205604	1	300
205605	1	300
205690	1	300
206477	1	600
206477	6	300
206572	1	600
206572	39	300
206572	40	600
206574	1	300
206595	1	300
206598	1	300
206867	1	300
207299	1	300
207487	1	600
207487	26	0
207487	35	600
207487	144	300
207490	1	300
207490	38	300
207492	1	300
207517	1	300
207518	1	300
207898	1	300
208297	1	600
208298	1	300
208393	1	300
278419	1	400
278418	1	400
278417	1	400
278923	1	420
278923	348	400
278904	1	0
278922	1	420
278941	1	420
279085	1	420
279854	1	240
279861	1	240
279864	1	240
279845	1	420
279846	1	420
279846	11	400
279852	1	240
279857	1	240
279862	1	240
198268	1	300
201228	1	300
201278	1	300
201278	126	300
201278	790	300
201278	2193	300
201383	1	300
201384	1	300
201391	1	300
201602	1	300
201602	90	300
201657	1	300
202050	1	300
202054	1	300
202060	1	300
202060	79	300
202060	715	300
202090	1	300
202873	1	0
203709	1	300
204250	1	600
204250	104	300
204550	1	300
204551	1	300
204552	1	300
204563	1	0
204563	3	600
204563	94	300
204565	1	300
204567	1	300
205526	1	300
205595	1	600
205598	1	600
205600	1	600
205600	42	300
205617	1	300
205617	169	300
205620	1	300
205774	1	600
205774	10	300
205937	1	0
206098	1	600
206542	1	600
206542	12	300
206542	17	600
206542	40	300
207372	1	300
207469	1	600
207887	1	600
207887	9	300
208427	1	600
208427	89	300
279024	1	420
279024	86	200
279029	1	200
279028	1	200
279767	1	150
279760	1	420
279760	77	430
279760	213	420
279760	373	400
279760	609	300
279766	1	300
279766	60	240
279766	429	200
279766	1395	150
279849	1	400
279849	109	300
279844	1	420
279844	83	430
279844	207	420
279855	1	240
279858	1	240
279856	1	240
279860	1	240
279865	1	420
279865	27	200
279850	1	300
279850	17	240
279851	1	240
279859	1	240
279848	1	420
279848	22	400
279853	1	240
199876	1	300
199876	344	300
200244	1	300
200244	612	300
200245	1	300
200253	1	300
200368	1	300
200369	1	300
200369	13	300
200381	1	0
200381	3	300
200519	1	300
200519	528	300
200602	1	300
200961	1	300
205215	1	300
206513	1	300
206906	1	300
276384	1	150
276357	1	400
276357	36	300
276361	1	300
276361	464	200
276349	1	400
276363	1	200
276363	503	150
276347	1	400
276352	1	400
276355	1	400
276362	1	200
276360	1	300
276350	1	400
276351	1	400
277216	1	430
277219	1	420
277217	1	430
277218	1	430
277218	10	420
277220	1	420
277220	29	400
278050	1	430
278062	1	430
278690	1	420
278986	1	420
279356	1	420
279405	1	200
279403	1	420
279841	1	420
279841	75	400
279841	748	300
279841	957	240
279841	1204	200
279840	1	420
282536	1	550
282515	1	550
282521	1	550
282498	1	550
282508	1	550
282523	1	550
282708	1	430
282712	1	430
282712	44	430
282707	1	430
282709	1	430
282710	1	430
282711	1	430
282905	1	430
282906	1	430
284014	1	240
284006	1	430
284006	105	240
284006	162	200
284006	190	240
284025	1	430
284025	155	430
284041	1	200
284036	1	400
284036	140	300
284037	1	300
284037	7	240
284037	258	200
284038	1	200
284042	1	200
284044	1	200
284035	1	430
284035	74	420
284035	278	400
284039	1	200
284029	1	430
284029	39	430
284040	1	200
282310	1	550
282304	1	550
282377	1	550
282377	20	430
282399	1	550
282403	1	550
282412	1	420
282408	1	550
282467	1	550
282842	1	430
282842	14	430
282842	40	430
283049	1	430
283049	81	430
283049	88	430
283059	1	420
283059	69	400
283059	296	300
283050	1	430
283050	38	430
283050	134	430
283067	1	300
283067	9	240
283067	47	200
283067	60	200
283067	80	200
283067	102	200
283067	145	200
283067	152	200
283052	1	430
283052	104	420
283305	1	430
283307	1	420
283307	158	400
283307	297	300
283306	1	430
283306	133	430
283306	278	420
283308	1	300
283308	93	240
283308	360	200
283478	1	430
283478	229	430
283478	324	550
283478	328	430
283478	428	420
283478	589	400
283478	836	300
283548	1	430
283548	149	240
283548	159	300
283934	1	430
283934	33	430
283934	271	420
283934	410	400
283934	698	300
283934	842	240
283934	1075	200
283933	1	430
283933	100	430
283933	119	430
283964	1	430
283964	3	200
283946	1	430
283946	133	430
283946	263	430
283946	425	420
283946	583	400
283946	826	300
283946	1012	240
283946	1225	200
282923	1	240
282923	219	200
282924	1	200
282920	1	400
282921	1	400
282921	84	300
282917	1	430
282917	117	430
282918	1	430
282918	14	420
282919	1	420
282919	101	400
282919	106	420
282919	140	400
282922	1	300
282922	123	240
283041	1	430
283041	134	430
283042	1	430
283042	4	400
283042	8	430
283040	1	430
283040	50	420
283040	53	430
283043	1	430
283043	57	420
283043	193	400
283043	434	300
283039	1	430
283163	1	430
283340	1	430
283820	1	430
283820	51	240
283820	1531	200
283818	1	430
283835	1	150
283830	1	200
283830	414	150
283834	1	150
283877	1	400
283877	64	300
283877	249	240
283877	503	200
283877	1346	150
283878	1	150
283876	1	430
283876	205	430
283876	402	420
283876	554	400
283142	1	430
283108	1	430
283151	1	430
283136	1	430
283122	1	430
283358	1	400
283358	57	300
283358	213	240
283358	515	200
283353	1	430
283353	3	430
283353	167	430
283353	309	430
283353	461	420
283353	656	400
283359	1	200
283359	372	150
283884	1	430
283884	428	430
283884	618	420
283885	1	420
283885	24	400
283885	249	300
283885	444	240
283885	740	200
283885	1482	150
283920	1	430
284043	1	200
284068	1	430
284068	31	20
284068	38	6
284068	53	430
284066	1	430
282374	1	550
282374	36	430
282577	1	550
282567	1	550
282544	1	550
282585	1	550
282586	1	550
283270	1	430
283270	76	430
283270	154	430
283270	304	430
283270	498	420
283270	663	400
283270	912	300
283270	1096	240
283270	1381	200
283270	1906	150
283283	1	150
283283	1315	100
283451	1	430
283453	1	430
283453	154	430
283453	163	430
283453	302	430
283453	491	420
282189	1	550
282196	1	550
282193	1	550
282205	1	550
282218	1	550
282659	1	550
282661	1	550
282663	1	550
282663	223	15
282663	233	10
282663	1100	430
282660	1	550
282662	1	550
282662	37	420
282731	1	430
282731	118	430
282735	1	300
282735	70	240
282735	308	200
282735	1133	150
282730	1	430
282730	90	430
282730	126	430
282732	1	430
282734	1	400
282734	207	300
282733	1	430
282733	29	420
282733	172	400
282814	1	300
282814	153	240
282814	405	200
282814	1116	150
282796	1	430
282799	1	430
282800	1	430
282800	80	430
282800	143	420
282800	235	400
282800	242	420
282800	256	400
282800	312	420
282807	1	420
282807	35	400
282807	243	300
283469	1	430
282599	1	550
282603	1	550
282601	1	550
282601	9	300
283034	1	430
283034	9	550
283034	16	430
283034	18	430
283034	22	430
283034	24	420
283034	28	400
283034	31	300
283034	35	240
283034	40	200
283034	44	200
283034	47	200
283034	55	200
283034	62	200
283034	67	200
283034	74	150
283034	77	100
283413	1	150
283407	1	430
283407	88	430
283408	1	430
283408	90	430
283408	239	430
283408	440	420
283408	609	400
283408	883	300
283408	1073	200
283408	1085	240
283408	1295	200
283408	2122	150
283415	1	150
283416	1	150
283414	1	150
283623	1	430
283642	1	430
283644	1	430
283618	1	430
283630	1	430
283617	1	430
283634	1	430
283636	1	430
283639	1	430
283640	1	430
283646	1	430
283648	1	430
283628	1	430
283633	1	430
283635	1	430
283643	1	430
283645	1	430
283620	1	430
283676	1	430
283685	1	240
283685	7	200
283685	49	100
283685	57	60
283685	74	10
283685	76	20
283685	95	6
283685	98	10
283685	100	15
283685	102	20
283685	157	15
283685	166	20
283685	213	15
283685	256	240
283685	294	200
283680	1	430
283680	22	420
283672	1	430
283675	1	430
283681	1	420
283681	10	400
283682	1	400
283682	175	300
283682	346	240
283861	1	430
283865	1	430
283865	143	430
283865	324	420
283865	484	400
283865	722	300
283865	932	240
283865	1166	200
283858	1	430
283859	1	430
283860	1	430
283863	1	430
274978	1	200
