254790	1	20
254790	3	1
254833	1	20
254833	126	2
254833	317	1
254879	1	20
254879	33	1
254905	1	20
254905	39	2
254906	1	2
254913	1	20
254914	6	20
256674	1	2
257461	1	20
257461	35	2
257461	38	5
257461	69	2
257804	1	1
257804	6	2
257816	1	2
258159	1	2
258312	1	2
258313	1	2
258319	1	1
259464	1	1
259453	1	1
259456	1	1
259457	1	1
259458	1	1
260627	1	20
260627	4	5
260627	108	7
260627	128	5
260627	213	7
260627	575	5
253946	1	1
253952	1	1
254229	6	20
254380	8	20
254380	9	1
254415	1	1
254416	1	262139
254416	40	1
254608	1	1
254608	515	1
254608	656	1
257612	1	1
257613	1	2
260478	1	1
272612	1	0
272617	1	0
272674	1	0
272674	21	1
272761	1	1
251161	1	0
251167	1	1
251252	1	1
251493	1	0
251493	6	1
251499	1	1
251521	1	1
251548	1	0
251548	28	1
254280	1	1
254283	5	20
254283	9	1
254284	43	1
254437	1	20
254437	4	262139
254437	54	1
254437	65	1
254450	1	1
254458	1	1
256730	1	1
257487	1	20
257487	13	2
257821	1	2
257968	1	20
257968	7	2
257968	11	20
257968	12	2
258129	1	20
258129	17	2
258152	1	20
258155	1	20
258155	14	2
258156	1	1
258157	1	2
258210	1	1
258213	1	20
258213	12	2
258287	1	2
258434	1	2
258432	1	2
258440	1	2
258442	1	1
258443	1	2
258444	1	2
258446	1	2
258448	1	2
258656	1	5
258656	70	2
258690	1	1
259721	1	1
272760	1	0
272760	11	1
272774	1	0
272774	10	1
272771	1	0
272771	4	1
272775	1	1
272775	119	1
272775	125	1
272776	1	1
272776	37	1
272776	48	1
272829	1	1
272828	1	1
272828	50	1
272827	1	0
272827	12	1
256925	1	5
256926	1	5
256926	41	2
260571	1	5
260568	None	1
260572	1	5
260576	1	5
260577	1	5
260570	1	5
260575	1	5
272922	1	0
272922	19	1
272924	1	1
272927	1	1
272927	11	1
272927	64	1
272929	None	1
272930	1	1
272930	17	2
272930	156	0
272930	160	2
272921	1	0
272923	1	1
272925	None	1
272926	1	1
272936	1	1
272935	1	0
272935	5	1
272935	30	0
272935	66	1
273017	1	0
273017	11	1
273063	1	1
273012	1	0
273012	5	0
273013	1	1
273136	1	0
273136	4	1
251163	1	1
251562	1	1
251604	1	0
251604	16	1
251633	5	65537
251635	31	65537
256865	1	2
256866	1	2
256867	1	2
256867	26	1
256867	55	2
256867	56	1
256868	1	1
256868	382	2
256869	1	2
256924	1	20
256924	11	5
257682	1	2
257682	75	1
257751	1	2
258174	1	20
258174	22	2
258174	161	1
258175	1	2
258177	1	2
258211	1	20
258214	1	2
258215	1	2
258282	1	20
272907	1	0
272907	12	1
272908	1	0
272908	5	1
273006	1	0
273006	4	0
273138	1	1
273150	1	0
273150	4	1
273150	40	2
273143	1	1
273145	1	1
273142	None	1
273146	1	1
273158	1	2
273158	17	1
273158	32	2
273276	1	0
253887	43	1
254279	1	20
254279	5	1
254279	9	20
254279	10	1
256842	1	20
256842	6	2
258742	1	5
258749	1	5
258750	1	5
258959	1	20
258959	12	2
272681	1	0
272681	11	20
272682	1	0
272680	1	1
272680	13	1
272728	1	0
272728	58	0
272728	104	1
272729	1	1
272746	1	0
272747	1	0
272748	1	0
272748	9	1
272750	1	1
272762	1	1
272786	1	1
272787	1	1
272782	1	0
272782	48	1
272785	1	1
272784	1	1
272783	1	1
272798	1	1
272798	90	1
272791	1	0
272791	21	1
272809	1	0
272814	1	0
272818	1	1
272807	1	0
272812	1	1
272816	1	1
272811	1	1
272815	1	0
272815	6	1
254282	6	20
254282	9	1
254289	1	1
256935	1	20
256935	2	2
256936	1	2
256941	1	2
257024	1	20
257398	1	2
257399	1	2
257460	1	20
257490	1	2
257529	1	20
257529	4	2
257529	11	20
257529	12	2
257598	1	2
257599	2	2
258335	1	2
258403	1	20
258403	9	2
258403	18	20
258403	19	2
258423	1	2
258425	1	2
258427	1	2
258428	1	2
258703	1	5
258703	262	2
260583	1	20
260583	3	5
254230	1	1
254230	21	1
254232	1	1
256629	1	2
256630	1	2
256672	1	20
256672	7	2
256673	1	2
251522	1	1
251523	1	1
251559	1	0
251559	65	1
251560	1	1
251561	1	1
251612	1	0
251612	11	1
251636	1	65537
251640	1	1
254293	1	1
254294	1	1
254308	1	1
254310	1	1
254362	1	1
257027	1	2
257397	1	2
257400	1	2
257824	1	2
258310	1	1
272023	1	0
251121	1	65537
253947	1	1
253948	1	1
253950	1	1
253954	1	20
253954	6	1
254226	18	1
254290	1	1
254292	1	1
254306	1	20
254306	7	1
254306	10	20
254306	11	1
254307	1	1
257805	1	2
259636	1	20
259636	2	5
259636	6	20
259636	7	5
259636	51	2
259637	1	20
259637	4	2
259686	1	2
259683	1	5
259685	1	5
259685	400	2
259682	1	5
259681	1	20
259681	5	5
260533	1	2
260534	1	2
260538	1	2
260532	1	5
260532	686	2
260510	1	262139
260510	19	20
260528	1	20
260540	1	2
260536	1	2
260507	1	262139
260541	1	2
260527	1	20
260593	1	20
260593	3	5
260593	7	20
260593	8	5
260727	1	20
260722	None	1
260723	None	1
251637	1	65537
251638	1	0
251638	6	2
251638	8	0
251638	9	2
251643	1	2
251721	1	10
251721	3	2
251721	90	1
251721	98	1
251864	1	1
251864	20	1
252126	5	10
252126	6	10
252126	31	2
253886	8	1
253886	11	1
253888	76	1
253890	104	1
253890	161	1
253890	204	1
253890	240	1
253890	253	1
253943	1	20
254368	1	1
254453	1	1
254530	1	20
254530	4	1
254530	6	20
254530	7	1
254532	1	1
254852	1	20
254852	55	1
259626	1	20
259626	98	1
259811	1	2
259820	1	2
259820	16	5
259820	18	2
259820	19	5
259820	87	2
259818	1	2
259821	1	2
259810	1	5
259810	112	2
259810	227	1
259812	1	2
259813	1	2
259809	1	5
259817	1	2
259822	1	2
259822	75	5
259822	232	2
259822	233	5
251164	7	1
251251	1	10
251251	2	1
253944	1	20
253944	10	1
254231	1	1
254607	1	20
254607	6	1
256734	1	2
256843	1	2
257645	1	2
257825	1	2
258125	1	20
258692	1	5
258694	1	5
258705	1	2
258706	1	2
258712	1	2
258713	1	2
258714	1	2
258741	1	5
259884	1	20
259884	11	2
259884	41	5
259884	82	2
259884	115	5
259891	1	2
259890	1	5
259890	23	2
251781	1	10
251781	16	2
252102	1	10
252102	3	2
252116	1	2
252116	34	2
252116	43	524278
252116	91	2
254459	1	1
254512	1	1
256727	1	2
256796	1	1
256798	1	2
257025	1	1
258445	1	2
258655	1	20
258655	6	2
258655	10	5
258702	1	5
251642	1	2
251883	1	10
251883	6	2
251883	70	1
253951	5	1
254227	1	1
254285	65	1
254285	296	1
254316	127	1
254319	53	1
254331	6	1
254332	12	20
254332	14	262139
254332	73	1
254341	1	1
254342	1	1
254349	6	262139
254349	44	1
254367	1	1
254451	1	1
254454	1	1
254455	1	1
254456	1	1
254457	1	1
254511	1	20
254511	7	1
254907	1	2
256677	1	2
256728	1	2
256729	1	2
256733	1	1
257393	1	1
257395	1	2
257396	1	2
257531	1	2
257611	1	2
257614	1	2
257644	1	2
257732	2	1
257748	1	2
257818	1	1
257969	1	2
258126	1	1
258136	1	2
258311	1	1
258745	1	5
260373	1	1
260371	1	1
260366	1	20
251496	1	1
251496	227	1
251496	243	1
251497	1	1
251498	1	1
251500	1	1
257721	1	20
257721	23	1
257722	1	1
257723	1	1
257735	1	20
257735	3	1
257735	4	20
257735	5	1
257750	1	1
257819	1	2
257822	1	2
259857	1	20
259857	3	5
259861	1	5
259862	1	5
259862	271	2
259859	1	1
251162	32	0
251162	46	2
251162	52	1
251168	1	1
251244	1	0
251244	8	1
251491	1	0
251716	1	10
254309	1	1
254313	10	1
254314	42	1
254315	72	1
254317	1	1
254318	24	1
254340	1	20
254340	7	1
254340	13	262139
254340	42	1
256675	1	2
256676	1	2
256725	1	20
256725	3	2
256801	1	2
257026	1	1
257394	1	2
257823	1	2
258158	1	2
258320	1	2
258334	1	1
258426	1	2
260426	1	5
260427	1	5
260427	58	2
260439	1	2
260425	1	5
260424	1	5
260422	1	5
260433	1	2
260431	1	2
260423	1	5
260608	None	1
273408	1	1
273408	4	1
273410	1	1
273402	1	0
273402	10	5
273402	46	7
273402	59	5
273402	79	2
273402	190	5
273402	255	7
273403	1	2
273405	1	2
273407	None	1
273409	1	1
273412	1	1
273406	1	2
273411	1	1
273404	1	2
273554	1	0
273554	63	5
273555	1	5
273730	1	2
273730	287	1
273730	295	2
273730	1491	1
273725	1	0
273725	7	2
273725	109	5
273725	1224	2
273728	1	2
274317	1	1
274315	1	10
274319	1	10
274314	1	10
274316	1	10
274318	1	10
274373	1	10
274421	1	10
274422	1	10
274422	363	7
274422	1159	5
274422	1734	2
274420	1	10
274958	1	2
274959	1	2
274953	1	7
274953	11	2
274954	1	7
274954	31	2
274955	1	2
274957	1	7
274957	4	2
274957	11	0
274957	14	2
275832	1	10
275832	202	8
275846	1	1
275834	1	8
275834	170	7
275835	1	7
275841	1	5
275837	1	5
275828	1	10
275836	1	7
275836	769	5
275829	1	10
275831	1	10
275833	1	8
275838	1	5
275847	1	5
275847	671	3
274249	1	10
274251	1	10
274251	273	7
274250	1	10
274278	1	10
274334	1	0
274334	5	10
274336	1	10
274344	1	0
274344	6	7
274344	35	5
274344	398	2
274335	1	10
274339	1	7
274345	1	2
274337	1	10
274338	1	10
274338	38	7
274382	1	10
274889	1	10
274917	1	7
274909	1	7
274904	1	7
274895	1	7
274888	1	1
274913	1	7
274905	1	7
274894	1	10
274999	1	7
274999	218	5
274998	1	7
274998	61	7
275000	1	5
275001	1	5
275001	1086	3
275021	1	7
275030	1	7
275035	1	7
275034	1	7
275062	1	1
275059	1	7
275059	67	7
275059	89	10
275068	1	7
275068	826	5
275064	1	7
275074	1	5
275067	1	7
275067	288	7
275073	1	7
275073	8	5
275063	1	1
275063	10	1
275066	1	7
275134	1	7
275865	1	10
275865	42	8
273394	None	1
273502	1	0
273502	15	2
273503	1	2
273504	1	0
273523	1	1
273514	1	1
273514	21	1
273526	1	1
273526	8	1
273537	1	1
274102	1	1
274104	1	1
274104	36	1
274103	1	1
274106	1	1
274107	1	1
274108	1	1
274105	1	1
275124	1	7
275124	85	7
275124	309	7
275125	1	7
275125	757	5
275337	1	7
275319	1	7
275319	142	8
275319	280	7
275326	1	7
275338	1	7
275338	256	5
275370	1	7
275370	65	8
275371	1	8
275371	36	7
275752	1	1
275767	1	1
275757	1	10
275763	1	10
275774	1	8
275774	232	7
275765	1	1
275773	1	1
275772	1	8
275777	1	7
275768	1	8
275776	1	7
275778	1	7
275782	1	10
275782	4	5
275759	1	1
275761	1	10
275769	1	8
273424	1	0
273424	6	1
273425	1	0
273425	8	2
273425	54	1
273425	61	2
273426	1	2
273589	1	1
273592	1	1
273590	1	1
274748	1	0
274799	1	0
274733	1	0
274656	None	1
274806	1	10
274806	11	2
274806	14	1
275310	1	5
275310	1932	3
275308	1	7
275309	1	7
275309	380	5
273286	1	0
273295	1	1
273301	1	2
273302	1	2
273290	1	0
273290	4	2
273290	13	1
273291	1	1
273292	1	1
273296	1	1
273296	14	2
273287	1	0
273287	44	2
273294	None	1
273299	1	2
273443	1	0
273443	25	5
273440	1	0
273440	5	0
273447	1	5
273446	1	5
273450	1	2
273433	1	1
273442	1	0
273442	5	0
273445	1	1
273432	None	1
273449	1	0
273449	7	2
273429	1	1
273444	None	1
273448	1	5
273448	379	2
273492	1	0
273492	30	10
273492	41	1
273492	55	2
273493	1	0
273493	4	2
273494	1	2
274083	1	1
274081	1	1
274303	1	10
274877	1	10
274877	5	0
274877	69	1
274945	1	2
274943	1	2
274982	1	1
274985	1	1
274983	1	1
274990	1	7
274990	4	7
274990	15	7
275045	1	1
275046	1	1
275260	1	1
275189	1	7
275234	1	7
275284	1	7
275285	None	1
275283	1	7
275291	1	7
275291	278	5
275282	1	8
275282	141	7
275290	1	7
275292	1	5
275286	1	7
275289	1	7
275293	1	5
275311	1	3
275375	1	7
275375	81	8
275375	250	7
275375	1181	5
275376	1	5
275376	1971	3
275376	3014	2
274094	1	2
274172	1	0
274172	7	10
274172	55	7
274169	1	1
274171	1	0
274170	1	0
274170	7	1
274197	1	0
274197	4	7
274200	1	0
274200	5	7
274200	74	5
274198	1	7
274198	115	10
274199	1	10
274199	14	7
274236	1	0
274236	8	10
274243	1	0
274240	1	10
274239	1	10
274244	1	0
274244	15	5
274244	152	2
274241	1	10
274241	442	7
274241	853	5
274968	1	7
274968	8	10
274968	270	7
274968	277	10
274968	314	7
274971	1	5
274970	1	5
274966	1	7
274966	32	2
274966	61	7
274967	1	7
274969	1	7
274969	115	5
275451	1	1
275420	1	7
275588	1	7
275588	3	5
275601	1	7
275603	1	7
275674	1	8
275764	1	10
275764	19	8
275766	1	8
275781	1	10
275781	4	7
275781	15	5
275783	1	5
275783	1256	3
275758	1	1
275760	1	1
273373	1	0
273373	11	2
273385	1	0
273385	7	0
273383	None	1
273386	1	0
273386	4	0
274080	1	1
274079	1	0
274079	8	1
274125	1	0
274161	1	5
274159	1	5
274157	1	0
274157	20	10
274157	355	0
274157	359	7
274157	484	5
274160	1	5
274282	1	10
274284	1	10
274283	1	10
274285	1	1
274286	1	10
274440	1	10
274441	1	10
274441	333	7
274443	1	7
274442	1	7
274868	1	10
274861	1	10
274880	1	1
275476	1	7
275658	1	8
275658	211	7
275658	232	8
275656	1	7
275656	113	8
275657	1	8
275657	9	10
275657	49	8
275659	1	8
274087	1	1
274088	1	1
274142	1	5
274147	1	1
274146	1	0
274146	4	5
274387	1	10
274388	1	10
274388	756	7
274388	1755	5
274981	1	1
274980	1	1
275344	1	7
275344	77	8
275345	1	7
194076	1	1
194076	564	1
195947	1	0
195947	3	1
195948	1	1
196351	1	1
196351	37	1
196351	50	1
196364	1	1
196364	815	1
200229	1	1
200229	85	1
202973	1	1
202973	1312	1
205777	1	1
206605	1	1
208352	1	1
208395	1	1
276453	1	10
276453	42	5
276454	1	10
276454	8	5
276457	1	5
276437	1	10
276437	240	8
276437	762	7
276437	1882	5
276458	1	5
276458	233	3
276455	1	5
276456	1	5
278308	1	12
278308	325	10
278308	986	8
278308	1330	7
278310	1	7
278310	674	5
278309	1	7
279716	1	10
279716	30	8
279716	353	7
279716	1271	5
279715	1	14
279715	197	12
279715	531	10
280239	1	1
280235	1	1
280236	1	1
280238	1	1
280241	1	14
280249	1	10
280249	58	8
280249	406	7
280249	1268	5
280233	1	1
280240	1	1
280242	1	14
280242	10	15
280242	86	14
280242	242	12
280242	510	10
280251	1	5
280234	1	1
281565	1	14
281624	1	14
281626	1	14
281632	1	14
281639	1	14
281639	23	12
281639	32	14
281639	111	12
281641	1	14
281641	3	12
281641	24	10
281641	33	8
281641	36	10
281641	139	8
281636	1	14
281636	5	10
281637	1	1
281638	1	10
281638	18	12
281638	21	14
281674	1	18
281674	11	15
281674	15	18
281689	1	1
281671	1	1
281693	1	15
281693	11	14
281693	194	12
281693	420	10
281693	615	8
281693	900	7
281693	1721	5
281685	1	1
281658	1	1
281686	1	15
281663	1	18
281663	116	15
281663	121	18
281662	1	18
281691	1	15
281680	1	18
281680	9	15
281659	1	1
281727	1	7
281727	526	5
281727	1529	4
281726	1	8
281726	42	7
281707	1	18
281707	99	15
281707	102	18
281707	151	15
281707	156	18
281707	193	15
281707	322	14
281707	475	12
281707	684	10
281707	873	8
204100	1	1
204100	144	1
204545	1	1
204545	94	1
205667	1	1
205667	202	1
207328	1	1
207889	1	1
207889	33	1
276586	1	7
276586	24	5
276581	1	10
276581	330	8
276582	1	8
276582	443	7
276583	1	7
276584	1	1
276585	1	7
276587	1	5
276835	1	1
276837	1	3
276831	1	10
276831	125	8
276831	665	7
276831	1485	5
276834	1	5
276834	411	3
276824	1	10
276832	1	10
276832	6	5
276836	1	3
276830	1	1
279080	1	14
279080	80	4
279588	1	14
279588	206	12
279588	208	14
279588	281	12
279588	464	10
279588	706	8
279588	990	7
281588	1	14
281588	17	4
281589	1	1
281731	1	18
281797	1	18
281797	185	15
281797	386	14
281797	564	12
281797	776	10
281797	984	8
281797	1211	7
281797	2169	5
281824	1	1
281885	1	18
281964	1	1
281976	1	14
281976	203	12
281976	311	10
281976	531	8
281976	710	7
281976	1077	5
281976	1111	4
281976	1119	5
281976	1242	7
281976	1362	5
281976	2058	4
281975	1	18
281975	27	15
281975	166	14
281974	1	18
281974	16	14
190662	1	1
191202	1	1
193334	1	1
193917	1	1
195014	1	1
195015	1	1
195749	1	1
200091	1	0
200091	2	1
200091	701	1
206207	1	0
206207	3	1
206207	148	1
206550	1	1
206550	76	1
207316	1	1
276326	1	1
276318	1	8
276318	350	7
276317	1	8
276327	1	10
276327	56	7
276315	1	10
276315	126	8
276870	1	14
276870	78	12
276870	137	10
276870	488	8
276870	1040	7
276870	1803	5
276864	1	14
276935	1	14
276935	81	12
276935	265	10
276935	483	8
276935	496	10
276935	604	8
278273	1	14
278273	67	12
278273	84	10
278274	1	10
281010	1	14
281117	1	14
281117	10	1
281393	1	14
281393	8	1
281419	1	14
281419	8	1
281439	1	1
281382	1	14
281382	6	1
281443	1	1
281454	1	14
281454	3	1
281398	1	14
281398	4	1
281403	1	14
281403	11	1
282033	1	18
282033	81	15
282033	111	15
282033	115	14
282034	1	14
282035	1	14
282035	12	12
282035	34	10
282037	1	14
282037	15	12
282037	67	14
282037	203	12
282037	426	10
282037	645	8
282037	865	7
282037	1490	5
282036	1	1
194314	1	1
195644	1	1
205627	1	1
205627	123	1
276659	1	10
276659	3	5
276655	1	7
276655	828	5
276653	1	10
276653	74	8
276653	541	7
276886	1	1
276922	1	14
276923	1	14
277096	1	10
277096	8	8
277096	556	7
277096	1319	5
277093	1	14
277093	60	12
277094	1	12
277094	253	10
277112	1	14
277112	38	5
277305	1	14
277305	116	12
277305	319	10
277305	681	8
279298	1	14
279296	1	1
279289	1	14
279297	1	14
280186	1	14
280194	1	14
280194	14	7
280191	1	12
280191	205	10
280191	406	8
280191	728	7
280187	1	14
280187	16	15
280190	1	1
280188	1	15
280188	66	14
280188	219	12
280182	1	1
280181	1	1
280192	1	1
280193	1	1
280185	None	1
280189	1	1
282092	1	18
282092	4	18
282092	96	15
282092	111	15
282092	248	14
282092	429	12
282092	598	10
282092	815	8
282092	1074	7
282092	1836	5
282175	1	18
282175	10	15
282194	1	18
282190	1	18
282181	1	18
282184	1	18
282188	1	1
195913	1	1
195930	1	1
195930	150	1
195936	1	1
196131	1	1
196497	1	1
198022	1	0
198022	73	1
198022	101	1
198022	109	1
198022	113	1
202205	1	1
202205	93	1
202207	1	1
202208	1	1
202209	1	1
202237	1	1
202237	102	1
202237	986	1
205310	1	1
205310	75	1
205718	1	1
205718	168	1
205718	703	1
206088	1	1
206088	93	1
206102	1	1
206102	60	1
206102	64	1
206102	83	1
206188	1	1
206868	1	1
206869	1	1
207885	1	1
277125	1	14
277127	1	12
277127	13	10
277127	356	8
277127	855	7
277126	1	14
277126	31	12
277580	1	1
277559	1	14
277981	1	7
277981	85	3
277992	1	2
277991	1	14
277991	7	2
278239	1	14
278239	79	10
278239	381	8
278240	1	8
278240	65	7
278240	778	5
278315	1	12
278315	233	10
278315	488	8
278572	1	14
278820	1	14
278820	22	12
278820	25	14
278820	106	12
278820	411	10
278820	645	8
278820	956	7
278821	1	7
278816	1	14
191419	1	1
191419	36	1
193123	1	1
195099	1	1
195110	1	1
195112	1	1
195113	1	1
195647	1	1
195748	1	1
198955	1	1
198955	351	1
199409	1	1
199409	616	1
200152	1	1
200160	1	1
200161	1	1
200174	1	1
200176	1	1
200177	1	1
200525	1	1
200525	749	1
200599	1	1
200600	1	1
200600	642	1
201611	1	1
201611	132	1
202092	1	1
202301	1	1
202303	1	1
202305	1	1
202314	1	1
202314	190	1
202328	1	1
202328	136	1
202331	1	1
202332	1	1
202333	1	1
202389	1	1
202389	127	1
202389	211	0
202469	1	1
202469	141	1
202471	1	1
202472	1	1
202476	1	1
202477	1	1
202478	1	1
202478	230	1
202504	1	1
202504	83	1
202504	735	1
202869	1	0
203833	1	1
203834	1	1
203835	1	1
203835	318	1
203853	1	1
203853	122	1
203894	1	1
203894	86	1
203894	485	1
203909	1	0
203909	3	1
203909	192	1
203981	1	1
203986	1	1
204803	1	1
205236	1	1
205236	3	1
205614	1	1
205683	1	1
205683	76	1
206897	1	1
206897	29	1
206901	1	1
206940	1	1
206940	596	1
207099	1	1
207099	150	1
207099	923	1
207100	1	1
207214	1	0
207214	14	1
207214	151	1
207217	1	1
207222	1	1
276525	1	10
276525	89	8
276525	620	7
276525	1490	5
276527	1	5
276528	1	5
276528	328	3
276808	1	8
276808	512	7
276811	1	7
276811	216	5
276811	2170	3
276807	1	10
276807	158	8
276810	1	7
278072	1	14
278167	1	14
278167	86	8
278167	431	7
278167	1098	5
278175	1	14
278175	4	5
278175	63	3
193093	1	1
193093	16	1
194116	1	1
194428	1	1
195016	1	1
195016	440	1
195265	1	1
196099	1	1
199868	1	1
199875	1	1
199877	1	1
199960	1	1
199961	1	1
199961	188	1
199967	1	1
199973	1	1
200041	1	1
200041	652	1
201191	1	0
201191	7	1
201191	88	1
201191	140	1
201191	875	1
201676	1	1
201678	1	1
201708	1	1
201727	1	1
201727	78	1
203992	1	1
207488	1	1
207714	1	0
207714	4	1
207714	71	1
208307	1	1
208307	11	1
208307	630	1
278817	1	14
278819	1	14
278822	1	7
278822	218	5
278822	1472	4
278822	1504	2
279207	None	1
279205	None	1
279479	1	14
279479	32	10
279479	124	4
279488	1	7
279487	1	7
279487	36	7
279487	38	7
279487	55	7
279489	1	7
279484	1	7
279480	1	1
279480	4	1
279546	1	14
279557	1	14
279539	1	14
279538	1	1
279538	5	1
279553	1	14
193922	1	1
194051	1	1
195109	1	1
195111	1	1
195115	1	1
195163	1	1
195664	1	1
195664	2	1
195747	1	1
195747	6	1
195747	7	1
195927	1	1
196107	1	1
196197	1	0
196197	3	1
196199	1	1
196203	1	1
196353	1	1
196458	1	1
199703	1	1
199739	1	0
199739	3	1
199745	1	1
199751	1	1
199752	1	1
199753	1	1
199754	1	1
199754	11	1
200187	1	1
200228	1	1
201807	1	1
201808	1	1
201810	1	1
202876	1	0
202909	1	0
207515	1	0
207515	3	1
207515	213	1
207515	1072	1
277202	1	14
277202	46	5
277194	1	12
277194	336	10
277194	711	8
277194	1275	7
277194	2028	5
277201	1	1
277863	1	14
277861	1	3
277860	1	1
277862	1	3
277864	1	14
279543	1	14
279584	1	14
279667	1	14
279667	107	15
279667	145	14
279667	310	12
279667	584	10
279667	785	8
279691	1	14
279691	94	15
279694	1	15
279694	44	14
279694	248	12
279694	524	10
279694	745	8
279694	1036	7
279694	1913	5
280952	1	1
280953	1	1
280958	1	1
280960	1	1
280946	1	1
195655	1	1
199804	1	1
199804	561	1
200042	1	1
200049	1	1
200049	320	1
201803	1	1
201805	1	1
203742	1	1
204564	1	1
204564	436	1
204566	1	1
205214	1	1
205233	1	0
205233	5	1
205235	1	1
205599	1	1
205834	1	1
275963	1	10
278337	1	12
278322	1	12
279794	1	14
279794	79	15
279794	157	14
279794	341	12
279794	628	10
279794	870	8
280955	1	14
280938	1	1
280948	1	1
280947	1	1
281084	1	1
281085	1	14
281165	1	1
281155	1	1
281166	1	14
281166	5	1
281167	1	14
190688	1	1
190688	4	1
200178	1	1
201005	1	1
201005	49	1
201097	1	1
201097	500	1
201113	1	1
201114	1	1
201173	1	1
201174	1	1
201174	415	1
201176	1	1
201624	1	1
201624	176	1
201625	1	1
201625	738	1
201692	1	1
201692	130	1
201705	1	1
201705	79	1
201706	1	1
204600	1	1
204797	1	1
205193	1	0
205193	4	1
205193	61	1
205193	65	1
205193	100	1
205193	805	1
205217	1	1
205237	1	1
205238	1	1
205238	164	1
205303	1	1
205303	38	1
205344	1	1
205344	377	1
205515	1	1
205515	84	1
206066	1	0
206066	6	1
206066	134	1
206304	1	1
206389	1	0
206389	4	1
206389	124	1
206390	1	1
206391	1	1
206446	1	0
206446	5	1
206446	147	1
206446	967	1
206466	1	1
206466	79	1
206476	1	1
206575	1	1
206744	1	1
206744	51	1
206859	1	0
206859	3	1
206859	162	1
206866	1	1
206866	216	1
207269	1	0
207269	4	1
207269	88	1
207273	1	1
207273	310	1
278018	1	10
278018	195	8
278018	702	7
278017	1	14
278017	429	12
278017	455	10
278769	1	14
278770	1	14
278770	42	12
278770	435	10
278770	645	8
279071	1	14
279071	70	7
279071	158	5
279073	1	1
279072	1	1
279115	1	14
279115	123	7
279115	216	8
279115	248	10
279115	295	12
279115	351	14
279115	564	5
279116	1	12
279116	163	10
279116	391	8
279654	1	14
279654	14	12
279654	306	10
279654	506	8
279654	831	7
279658	1	7
279658	173	5
279657	1	1
279653	1	14
279656	1	7
280361	1	1
280327	1	14
280330	1	14
280330	187	12
280330	470	10
280330	690	8
280363	1	14
280363	3	5
280363	5	7
280363	243	5
280349	1	8
280349	151	7
280349	471	5
280349	481	7
280364	1	5
280364	1202	4
280362	1	1
281090	1	14
281089	1	1
281088	1	1
281145	1	1
281164	1	1
281178	1	14
281178	22	1
281156	1	1
281189	1	1
281201	1	1
281242	1	1
281280	1	1
281222	1	1
281209	1	1
281285	1	1
281286	1	14
281286	5	1
281213	1	14
281213	17	1
281256	1	14
281256	14	1
281216	1	1
281200	1	1
281202	1	14
281265	1	1
281227	1	1
281207	1	1
281208	1	14
190462	1	1
190591	1	1
190591	12	1
191090	1	1
191090	56	1
193998	1	1
195013	1	1
195776	1	1
195776	426	1
195868	1	1
195915	1	1
195917	1	1
195919	1	1
195925	1	1
195970	1	0
195970	2	1
200991	1	1
200991	550	1
201200	1	1
201200	157	1
201229	1	1
201229	54	1
201658	1	1
201658	3	1
201668	1	1
201668	107	1
201671	1	1
201671	559	1
201679	1	1
203991	1	1
203994	1	1
204553	1	1
205111	1	0
205111	4	1
205111	89	1
205111	92	1
205111	114	1
205611	1	1
205826	1	1
205826	85	1
205908	1	1
205921	1	1
205921	25	1
206258	1	1
206297	1	0
206297	4	1
206302	1	1
206302	35	1
206539	1	1
206939	1	0
206939	4	1
206939	34	1
207219	1	1
207219	4	1
207220	1	1
207371	1	1
207371	72	1
207397	1	1
207397	29	1
207397	32	1
207397	60	1
207477	1	1
207477	178	1
278270	1	14
278270	9	1
280226	1	14
280226	23	15
280384	1	15
280384	15	14
280385	1	14
280385	178	12
280385	466	10
280385	631	8
280385	1011	7
280385	2002	5
280383	1	14
280383	68	15
281231	1	14
281231	7	1
190492	1	1
191421	1	1
193928	1	1
194108	1	1
194108	821	1
194224	1	1
199862	1	1
199863	1	1
199864	1	1
199867	1	1
199867	87	1
200992	1	1
201115	1	1
201159	1	0
201159	4	1
201164	1	1
201168	1	1
201168	198	1
201554	1	1
201554	93	1
202000	1	0
202000	18	1
202084	1	1
202084	87	1
205519	1	1
205519	281	1
275918	1	7
275920	1	7
275920	13	5
275923	1	5
275911	1	10
275911	259	8
275912	1	8
275912	261	7
275931	1	5
275913	1	7
275921	1	5
275922	1	1
276094	1	1
276093	1	1
276097	1	10
276097	107	8
276095	1	1
276092	1	10
276096	1	1
278287	1	1
278288	1	14
278288	74	10
278289	1	10
278290	1	10
279304	None	1
279311	None	1
280307	1	14
280307	41	1
190488	1	1
194270	1	1
195114	1	1
198207	1	1
198208	1	1
198210	1	1
198212	1	1
198212	264	1
198213	1	1
198215	1	1
200180	1	1
200185	1	1
200186	1	1
200188	1	1
200960	1	0
200960	8	1
200976	1	1
201815	1	1
202299	1	1
202299	165	1
203912	1	1
203912	382	1
206573	1	1
206594	1	1
206594	108	1
206596	1	1
206596	324	1
207279	1	1
207279	69	1
207279	902	1
207883	1	1
207884	1	1
207886	1	1
208302	1	1
208538	1	1
276186	1	10
276190	1	10
276183	1	10
276185	1	1
276181	1	10
278395	1	12
278406	1	14
278406	183	12
278406	477	10
278406	650	8
278406	1017	7
278957	1	14
278954	1	1
279887	1	14
279887	65	15
279887	78	14
279887	298	12
281103	1	14
281103	23	1
281130	1	14
281130	27	1
281131	1	1
281508	1	1
281508	89	1
281590	1	14
194790	1	1
195950	1	1
195950	849	1
196048	1	1
196094	1	1
196097	1	1
196201	1	1
196433	1	1
198214	1	1
198269	1	1
198271	1	1
198271	463	1
198346	1	1
198372	1	1
198485	1	1
198486	1	1
198487	1	1
198487	451	1
198522	1	1
198898	1	0
198898	3	1
198898	125	1
198941	1	1
199103	1	0
199103	56	1
199428	1	1
199428	595	1
201197	1	1
204511	1	1
204555	1	1
204599	1	0
204599	3	1
204599	143	1
204792	1	1
204792	5	0
205158	1	0
205158	3	1
205158	102	1
205311	1	1
205311	168	1
205339	1	1
205339	75	1
205618	1	1
206210	1	1
206210	486	1
206243	1	0
206243	3	1
206243	165	1
206243	909	1
206245	1	1
206246	1	1
206257	1	1
206301	1	1
206303	1	1
206478	1	1
206512	1	0
206512	2	1
206512	96	1
206512	883	1
208341	1	1
208341	407	1
208407	1	1
208428	1	1
208429	1	1
208487	1	1
208487	40	1
208540	1	1
208540	13	1
208541	1	1
208553	1	1
208686	1	0
208686	6	1
208686	148	1
277148	1	14
277148	84	10
277148	395	8
277168	1	14
277168	9	8
277168	267	7
277168	973	5
277166	1	14
277166	102	10
277166	193	8
278873	1	14
278873	76	10
278873	95	8
278874	1	8
278874	53	10
278874	197	8
278874	404	7
278875	1	7
278875	219	5
278875	224	7
278875	422	5
278875	424	7
278875	533	5
281546	1	1
281545	1	1
281545	11	1
281611	1	14
194535	1	1
196438	1	1
196438	521	1
196509	1	1
196531	1	1
198202	1	1
198211	1	1
198229	1	0
198229	5	1
198230	1	1
198249	1	1
198954	1	1
198969	1	1
198969	673	1
199008	1	1
199011	1	1
199318	1	1
199319	1	1
199319	686	1
199336	1	1
199356	1	1
199429	1	1
199435	1	1
199435	590	1
199436	1	1
199436	642	1
199563	1	1
199564	1	1
199565	1	1
199566	1	1
199567	1	1
199568	1	1
199569	1	1
199569	354	1
199570	1	1
199571	1	1
199572	1	1
199573	1	1
199574	1	1
199608	1	1
199608	602	1
199608	2267	1
199698	1	0
199698	10	1
199701	1	1
200601	1	1
202091	1	1
203780	1	1
203830	1	0
203830	5	1
203830	86	1
203832	1	1
204113	1	1
204113	183	1
204238	1	1
204238	38	1
205694	1	1
205694	94	1
207875	1	1
207875	2	1
207882	1	1
207882	38	1
208535	1	1
208551	1	1
208551	105	1
208551	290	1
208552	1	1
209089	1	1
209089	8	1
209089	35	1
209089	39	1
209106	1	1
209106	42	1
209109	1	1
209146	1	0
209146	3	1
209148	1	1
209151	1	1
209151	311	1
276494	1	10
276495	1	10
276502	1	5
276501	1	10
276501	354	8
276501	821	7
276501	1849	5
277180	1	14
277180	93	12
277180	147	10
277420	1	14
277420	73	10
277420	78	14
277420	84	12
277420	237	10
277847	1	14
278001	1	1
277998	1	1
281612	1	14
281613	1	14
281613	108	1
281613	123	1
281613	131	1
281613	141	15
281613	157	14
281613	170	12
281613	178	10
281613	185	8
281613	193	7
281613	200	5
281613	206	4
281613	212	2
281613	219	1
281613	228	1
281613	237	1
281613	242	1
281616	1	14
281616	3	1
281616	15	5
281616	228	1
281616	236	1
281616	251	1
281616	263	1
281616	271	1
281616	366	1
190490	1	1
190491	1	1
190592	1	1
190592	4	1
190593	1	1
190595	1	1
190661	1	1
190663	1	1
190678	1	1
190679	1	1
190702	1	1
190702	67	1
190703	1	1
190704	1	1
190705	1	1
190705	95	1
190706	1	1
190706	9	1
190707	1	1
190708	1	1
190906	1	1
190945	1	1
190949	1	1
190949	82	1
191043	1	1
191242	1	1
191247	1	1
191248	1	1
191264	1	1
191264	13	1
191264	76	1
191271	1	1
191276	1	1
191367	1	1
191367	3	1
191387	1	1
191387	3	1
191404	1	1
191406	1	1
191411	1	1
191694	1	1
191695	1	1
191697	1	1
191700	1	1
191701	1	1
191718	1	1
191720	1	1
191721	1	1
191723	1	1
191810	1	1
191811	1	1
191830	1	1
191832	1	1
191833	1	1
193112	1	1
193112	20	1
193112	54	1
193115	1	1
193116	1	1
193124	1	1
193124	8	1
193192	1	1
193192	31	1
193192	39	1
193192	51	1
193193	1	1
193207	1	1
193336	1	1
193336	608	1
193621	1	1
193833	1	1
193834	1	1
193898	1	1
193904	1	1
193905	1	1
194150	1	1
194151	1	1
194151	498	1
194153	1	1
194199	1	1
194210	1	1
194210	422	1
194223	1	1
194303	1	1
194304	1	1
194305	1	1
194427	1	1
194429	1	1
194429	26	1
194439	1	1
194455	1	1
194464	1	1
194479	1	1
194480	1	1
194480	312	1
194702	1	1
194704	1	1
194704	382	1
194711	1	1
194897	1	1
194914	1	1
194914	3	1
194914	17	1
194914	21	1
194914	25	1
194915	1	1
195147	1	1
195164	1	1
195165	1	1
195249	1	1
195251	1	1
191046	1	1
191056	1	1
191057	1	1
191057	10	1
191062	1	1
191226	1	1
191226	38	1
193999	1	1
194027	1	1
194052	1	1
195303	1	1
195304	1	1
195378	1	1
195378	3	1
195378	1301	1
195379	1	1
195399	1	1
195522	1	1
195523	1	1
195524	1	1
195527	1	1
195528	1	1
195529	1	1
195530	1	1
195540	1	1
195551	1	1
195552	1	1
195552	1307	1
195633	1	1
195634	1	1
195656	1	1
195757	1	1
195758	1	1
195773	1	1
195774	1	1
195775	1	1
195841	1	1
195929	1	1
195937	1	1
195963	1	1
196019	1	0
196019	3	1
196023	1	1
196027	1	1
196046	1	1
196047	1	1
196090	1	1
196095	1	1
196096	1	1
196098	1	1
196103	1	1
196122	1	1
196122	4	1
196135	1	1
196200	1	1
196202	1	1
196218	1	1
196239	1	1
196239	835	1
196249	1	1
196250	1	1
196251	1	1
196252	1	1
196334	1	0
196334	3	1
196349	1	1
196350	1	1
196352	1	1
196357	1	1
196359	1	1
196361	1	1
196362	1	1
196363	1	1
196430	1	0
196430	2	1
196431	1	1
196432	1	1
196437	1	1
196452	1	0
196452	2	1
196453	1	1
196453	805	1
196495	1	0
196495	2	1
196501	1	1
196508	1	1
198023	1	1
198040	1	1
198041	1	1
198044	1	1
198045	1	1
198046	1	1
198047	1	1
198048	1	1
198049	1	1
198050	1	1
198063	1	1
198116	1	1
190482	1	1
190538	1	1
190538	3	1
190539	1	1
190710	1	1
190456	1	1
190456	9	1
190459	1	1
190459	5	1
190465	1	1
190645	1	1
190646	1	1
190659	1	1
190659	71	1
190733	1	1
190734	1	1
190735	1	1
190736	1	1
190738	1	1
190782	1	1
190895	1	1
191424	1	1
191693	1	1
191834	1	1
191837	1	1
191839	1	1
191842	1	1
191845	1	1
191849	1	1
191856	1	1
191857	1	1
191858	1	1
191859	1	1
193541	1	1
193556	1	1
193557	1	1
193575	1	1
193835	1	1
193836	1	1
193878	1	1
193919	1	1
193925	1	1
194050	1	1
194050	701	1
194050	1777	1
194075	1	1
194115	1	1
194115	713	1
194117	1	1
194119	1	1
194120	1	1
194120	334	1
194225	1	1
194315	1	1
194317	1	1
194424	1	1
194533	1	1
194619	1	1
194627	1	1
194631	1	1
194643	1	1
194644	1	1
194691	1	1
194699	1	1
194712	1	1
194712	515	1
194735	1	1
194778	1	1
194785	1	1
194786	1	1
194787	1	1
194788	1	1
194789	1	1
194825	1	1
194896	1	1
194912	1	1
195266	1	1
195385	1	1
195387	1	1
195390	1	1
195396	1	1
195397	1	1
195398	1	1
195398	188	1
195398	1313	1
195526	1	1
195645	1	1
195649	1	1
195658	1	1
195658	49	1
195916	1	1
195918	1	1
195923	1	1
195926	1	1
191086	1	1
191201	1	1
191244	1	1
191277	1	1
191691	1	1
191691	67	1
191692	1	1
191692	20	1
191726	1	1
191800	1	1
191808	1	1
275887	1	10
275886	1	10
275886	8	8
275886	22	10
275886	25	8
275886	69	10
275890	1	10
275890	9	8
275890	504	7
198523	1	1
199021	1	1
199021	683	1
199699	1	1
199699	389	1
199833	1	1
199833	411	1
200075	1	0
200075	4	1
200466	1	1
200466	91	1
200466	142	1
200990	1	0
200990	5	1
201199	1	1
201202	1	1
201812	1	1
201813	1	1
201816	1	1
201824	1	1
202013	1	1
202014	1	1
202016	1	1
202016	203	1
202044	1	1
202044	116	1
202045	1	1
202045	340	1
202046	1	1
202047	1	1
202051	1	1
202088	1	1
203777	1	1
203778	1	1
203778	51	1
205666	1	1
205666	99	1
206187	1	1
206187	201	1
206199	1	1
206199	6	1
206484	1	0
206484	4	1
206484	224	1
206745	1	1
206745	349	1
206745	1965	1
207320	1	1
207398	1	1
207454	1	1
207454	138	1
207454	982	1
207468	1	1
207468	77	1
207491	1	1
207779	1	1
207788	1	1
207789	1	1
207790	1	1
207813	1	0
207813	3	1
207897	1	0
207897	2	1
207897	92	1
207905	1	0
207905	3	1
207905	74	1
207905	78	1
207905	136	1
207905	931	1
207920	1	1
207920	125	1
207921	1	1
207922	1	1
207922	15	1
207924	1	1
208299	1	1
208300	1	1
208303	1	1
208304	1	1
208339	1	1
208339	85	1
208351	1	1
208351	135	1
208353	1	1
208357	1	1
208357	90	1
208390	1	0
208390	4	1
208390	157	1
208391	1	1
208391	685	1
208406	1	1
208509	1	1
208509	60	1
276508	1	1
276765	1	1
276769	1	10
276776	1	7
276776	458	5
276794	1	10
276794	8	5
276794	413	3
276767	1	10
276775	1	10
276775	184	8
276775	780	7
277853	1	1
277854	1	14
277856	1	14
278509	1	12
278509	100	14
278509	191	12
278509	529	10
278509	691	8
278509	1044	7
279822	1	1
279823	1	14
279823	26	15
279823	50	14
279823	366	12
279931	1	14
279931	71	7
279931	74	14
279931	262	12
279931	521	10
279931	752	8
279931	1088	7
279931	1946	5
199834	1	1
199834	656	1
201366	1	1
201393	1	1
201418	1	1
201613	1	1
201718	1	1
201718	66	1
203836	1	1
203836	23	0
204484	1	1
204554	1	1
206331	1	1
206331	187	1
276235	1	10
276235	4	8
276237	1	1
276243	1	5
276242	1	10
276242	9	8
276242	465	7
276242	1385	5
276244	1	5
277277	1	14
277278	1	1
277279	1	1
277933	1	1
277932	1	1
277934	1	1
278136	1	1
278193	1	14
278193	3	10
278193	76	12
278193	122	10
278345	1	12
278345	309	10
278345	620	8
278346	1	8
278346	112	7
278349	1	7
278349	318	5
278349	325	7
278349	467	5
278366	1	5
278761	1	14
278761	5	1
278976	1	5
278969	1	14
278969	373	12
278969	644	10
278969	872	8
278969	1198	7
278975	1	7
278975	600	5
201669	1	1
201707	1	1
201707	579	1
201794	1	1
201802	1	0
201802	8	1
201802	172	1
201806	1	1
201809	1	1
201817	1	1
201818	1	1
201819	1	1
201819	231	1
202012	1	1
202012	58	1
202074	1	1
202074	85	1
202075	1	1
202075	616	1
202272	1	1
202272	79	1
202272	637	1
202304	1	1
202304	116	1
203739	1	1
203980	1	1
203985	1	1
206448	1	1
276044	1	1
276074	1	1
276063	1	1
276054	None	1
276071	1	10
276072	1	1
276049	1	10
276062	1	1
276064	1	10
276279	1	10
276282	1	10
276282	376	8
276282	971	7
276271	1	1
276276	1	10
276283	1	7
276283	778	5
276948	1	8
276942	1	10
276942	8	12
276947	1	10
276947	96	8
276950	1	8
276950	42	7
276950	881	5
276945	1	1
276940	1	14
276940	82	12
276940	123	10
276941	1	10
276944	1	12
276946	1	12
276946	9	10
277822	1	14
277826	1	14
277833	1	14
277827	None	1
277824	1	1
277820	1	14
277829	1	1
277832	1	14
277819	1	1
277835	1	14
277823	1	1
277816	1	14
277828	1	1
278765	1	14
278765	9	12
279682	1	15
279682	6	14
279683	1	14
279684	1	14
279685	1	14
279685	7	12
279685	10	14
279685	43	12
199812	1	1
199812	629	1
199832	1	1
200473	1	1
200473	498	1
200491	1	1
200515	1	1
200518	1	1
200532	1	1
201062	1	0
201062	3	1
201535	1	1
201535	12	1
201612	1	1
202087	1	1
202087	501	1
202093	1	1
202116	1	1
202178	1	1
202178	85	1
202178	664	1
203002	1	0
203002	4	1
203002	103	1
203002	766	1
203987	1	1
203987	310	1
204114	1	1
204114	259	1
204577	1	1
204577	633	1
204795	1	0
204795	90	1
205781	1	1
205833	1	0
205833	5	1
205833	168	1
206401	1	1
206401	181	1
206540	1	1
206541	1	1
207221	1	1
207231	1	1
207231	181	1
207231	985	1
207233	1	1
208392	1	1
208394	1	1
208397	1	1
208402	1	1
278474	1	1
278807	1	1
278802	1	14
278804	1	1
278800	1	14
278801	1	14
278805	1	12
278805	88	10
278805	285	8
278806	1	1
278803	1	14
278803	107	12
278808	1	8
278808	343	7
278808	1235	5
278962	1	14
278962	195	12
278963	1	12
278963	108	10
279681	1	14
279681	81	15
201193	1	1
201195	1	1
201196	1	1
206208	1	1
206208	231	1
208296	1	1
275958	1	1
275960	1	10
276434	1	10
276544	1	5
276545	1	5
276542	1	10
276542	321	8
276543	1	8
276543	29	7
276543	936	5
277087	1	14
277087	168	3
277076	1	5
277071	1	7
277069	1	14
277069	85	12
277069	89	14
277069	94	12
277075	1	5
277086	1	14
277070	1	12
277070	11	10
277070	39	12
277070	67	10
277070	323	8
277070	803	7
277072	1	7
277072	306	5
277073	1	14
277073	21	5
277081	1	14
277534	1	1
277536	1	14
277842	1	14
279966	1	14
279966	77	15
279966	275	14
279966	402	12
279975	1	14
279975	76	15
279975	87	18
279975	118	15
279975	279	14
279975	489	12
279975	749	10
279975	952	8
279967	1	1
279994	1	15
280014	1	1
280024	1	4
280006	1	14
280006	19	12
280015	1	14
280015	7	12
280015	82	10
280015	287	8
279990	1	14
280002	1	14
280007	1	14
280007	14	12
280020	1	4
279993	1	14
279993	89	15
280018	1	7
280018	160	5
280018	596	4
279991	1	14
280013	1	14
280021	1	1
280023	1	1
280016	1	14
280016	6	7
280019	1	1
280022	1	1
279995	1	1
280001	1	1
280017	1	7
198270	1	1
198272	1	1
200190	1	1
200243	1	1
201390	1	1
201419	1	1
201420	1	1
201729	1	1
201804	1	1
202086	1	1
202880	1	0
202972	1	1
202972	9	1
202972	530	1
204101	1	1
204506	1	1
204506	70	1
204541	1	0
204541	4	1
204541	83	1
204544	1	1
204576	1	1
204576	87	1
204601	1	1
204601	488	1
204798	1	1
204799	1	1
204800	1	1
204809	1	1
204812	1	1
205086	1	0
205086	4	1
205086	57	1
205604	1	1
205605	1	1
205690	1	1
206477	1	1
206477	6	1
206572	1	1
206572	39	1
206572	40	1
206574	1	1
206595	1	1
206598	1	1
206867	1	1
207299	1	1
207487	1	1
207487	26	0
207487	35	1
207487	144	1
207490	1	1
207490	38	1
207492	1	1
207517	1	1
207518	1	1
207898	1	1
208297	1	1
208298	1	1
208393	1	1
278419	1	12
278418	1	12
278417	1	1
278923	1	14
278923	348	12
278904	1	1
278922	1	14
278941	1	14
279085	1	14
279854	1	1
279861	1	1
279864	1	8
279845	1	14
279846	1	14
279846	11	12
279852	1	8
279857	1	1
279862	1	8
198268	1	1
201228	1	1
201278	1	1
201278	126	1
201278	790	1
201278	2193	1
201383	1	1
201384	1	1
201391	1	1
201602	1	1
201602	90	1
201657	1	1
202050	1	1
202054	1	1
202060	1	1
202060	79	1
202060	715	1
202090	1	1
202873	1	0
203709	1	1
204250	1	1
204250	104	1
204550	1	1
204551	1	1
204552	1	1
204563	1	0
204563	3	1
204563	94	1
204565	1	1
204567	1	1
205526	1	1
205595	1	1
205598	1	1
205600	1	1
205600	42	1
205617	1	1
205617	169	1
205620	1	1
205774	1	1
205774	10	1
205937	1	0
206098	1	1
206542	1	1
206542	12	1
206542	17	1
206542	40	1
207372	1	1
207469	1	1
207887	1	1
207887	9	1
208427	1	1
208427	89	1
279024	1	14
279024	86	7
279029	1	7
279028	1	7
279767	1	5
279760	1	14
279760	77	15
279760	213	14
279760	373	12
279760	609	10
279766	1	10
279766	60	8
279766	429	7
279766	1395	5
279849	1	12
279849	109	10
279844	1	14
279844	83	15
279844	207	14
279855	1	1
279858	1	1
279856	1	1
279860	1	1
279865	1	14
279865	27	7
279850	1	1
279850	17	1
279851	1	8
279859	1	1
279848	1	14
279848	22	12
279853	1	8
199876	1	1
199876	344	1
200244	1	1
200244	612	1
200245	1	1
200253	1	1
200368	1	1
200369	1	1
200369	13	1
200381	1	0
200381	3	1
200519	1	1
200519	528	1
200602	1	1
200961	1	1
205215	1	1
206513	1	1
206906	1	1
276384	1	5
276357	1	10
276357	36	8
276361	1	8
276361	464	7
276349	1	1
276363	1	7
276363	503	5
276347	1	1
276352	1	10
276355	1	10
276362	1	1
276360	1	1
276350	1	1
276351	1	1
277216	1	14
277219	1	12
277217	1	14
277218	1	14
277218	10	12
277220	1	12
277220	29	10
278050	1	14
278062	1	14
278690	1	14
278986	1	14
279356	1	14
279405	1	7
279403	1	14
279841	1	14
279841	75	12
279841	748	10
279841	957	8
279841	1204	7
279840	1	14
282536	1	18
282515	1	1
282521	1	18
282498	1	18
282508	1	18
282523	1	18
282708	1	15
282712	1	15
282712	44	15
282707	1	15
282709	1	1
282710	1	1
282711	1	1
282905	1	1
282906	1	15
284014	1	8
284006	1	15
284006	105	8
284006	162	7
284006	190	8
284025	1	18
284025	155	15
284041	1	7
284036	1	12
284036	140	10
284037	1	10
284037	7	8
284037	258	7
284038	1	7
284042	1	7
284044	1	7
284035	1	15
284035	74	14
284035	278	12
284039	1	7
284029	1	15
284029	39	15
284040	1	7
282310	1	18
282304	1	1
282377	1	18
282377	20	15
282399	1	1
282403	1	18
282412	1	14
282408	1	18
282467	1	18
282842	1	15
282842	14	18
282842	40	15
283049	1	15
283049	81	18
283049	88	15
283059	1	14
283059	69	12
283059	296	10
283050	1	18
283050	38	15
283050	134	15
283067	1	10
283067	9	8
283067	47	7
283067	60	7
283067	80	7
283067	102	7
283067	145	7
283067	152	7
283052	1	15
283052	104	14
283305	1	15
283307	1	14
283307	158	12
283307	297	10
283306	1	15
283306	133	15
283306	278	14
283308	1	10
283308	93	8
283308	360	7
283478	1	15
283478	229	15
283478	324	18
283478	328	15
283478	428	14
283478	589	12
283478	836	10
283548	1	15
283548	149	8
283548	159	10
283934	1	15
283934	33	15
283934	271	14
283934	410	12
283934	698	10
283934	842	8
283934	1075	7
283933	1	15
283933	100	18
283933	119	15
283964	1	15
283964	3	7
283946	1	18
283946	133	15
283946	263	15
283946	425	14
283946	583	12
283946	826	10
283946	1012	8
283946	1225	7
282923	1	8
282923	219	7
282924	1	7
282920	1	1
282921	1	12
282921	84	10
282917	1	15
282917	117	15
282918	1	15
282918	14	14
282919	1	14
282919	101	12
282919	106	14
282919	140	12
282922	1	10
282922	123	8
283041	1	15
283041	134	15
283042	1	1
283042	4	1
283042	8	1
283040	1	15
283040	50	14
283040	53	15
283043	1	15
283043	57	14
283043	193	12
283043	434	10
283039	1	15
283163	1	1
283340	1	18
283820	1	15
283820	51	8
283820	1531	7
283818	1	15
283835	1	5
283830	1	7
283830	414	5
283834	1	5
283877	1	12
283877	64	10
283877	249	8
283877	503	7
283877	1346	5
283878	1	5
283876	1	15
283876	205	15
283876	402	14
283876	554	12
283142	1	15
283108	1	15
283151	1	15
283136	1	15
283122	1	15
283358	1	12
283358	57	10
283358	213	8
283358	515	7
283353	1	15
283353	3	18
283353	167	15
283353	309	15
283353	461	14
283353	656	12
283359	1	7
283359	372	5
283884	1	15
283884	428	15
283884	618	14
283885	1	14
283885	24	12
283885	249	10
283885	444	8
283885	740	7
283885	1482	5
283920	1	1
284043	1	7
284068	1	15
284068	31	1
284068	38	1
284068	53	18
284066	1	1
282374	1	18
282374	36	15
282577	1	18
282567	1	18
282544	1	18
282585	1	18
282586	1	18
283270	1	15
283270	76	18
283270	154	15
283270	304	15
283270	498	14
283270	663	12
283270	912	10
283270	1096	8
283270	1381	7
283270	1906	5
283283	1	5
283283	1315	4
283451	1	1
283453	1	15
283453	154	15
283453	163	15
283453	302	15
283453	491	14
282189	1	1
282196	1	18
282193	1	18
282205	1	1
282218	1	18
282659	1	1
282661	1	18
282663	1	18
282663	223	1
282663	233	1
282663	1100	15
282660	1	1
282662	1	18
282662	37	14
282731	1	15
282731	118	15
282735	1	10
282735	70	8
282735	308	7
282735	1133	5
282730	1	15
282730	90	18
282730	126	15
282732	1	15
282734	1	12
282734	207	10
282733	1	15
282733	29	14
282733	172	12
282814	1	10
282814	153	8
282814	405	7
282814	1116	5
282796	1	15
282799	1	1
282800	1	15
282800	80	15
282800	143	14
282800	235	12
282800	242	14
282800	256	12
282800	312	14
282807	1	14
282807	35	12
282807	243	10
283469	1	15
282599	1	18
282603	1	18
282601	1	18
282601	9	10
283034	1	15
283034	9	18
283034	16	18
283034	18	15
283034	22	15
283034	24	14
283034	28	12
283034	31	10
283034	35	8
283034	40	7
283034	44	7
283034	47	7
283034	55	7
283034	62	7
283034	67	7
283034	74	5
283034	77	4
283413	1	1
283407	1	15
283407	88	18
283408	1	18
283408	90	15
283408	239	15
283408	440	14
283408	609	12
283408	883	10
283408	1073	7
283408	1085	8
283408	1295	7
283408	2122	5
283415	1	1
283416	1	5
283414	1	1
283623	1	15
283642	1	15
283644	1	15
283618	1	15
283630	1	15
283617	1	1
283634	1	1
283636	1	15
283639	1	1
283640	1	15
283646	1	15
283648	1	15
283628	1	1
283633	1	15
283635	1	1
283643	1	1
283645	1	1
283620	1	15
283676	1	15
283685	1	8
283685	7	7
283685	49	4
283685	57	2
283685	74	1
283685	76	1
283685	95	1
283685	98	1
283685	100	1
283685	102	1
283685	157	1
283685	166	1
283685	213	1
283685	256	8
283685	294	7
283680	1	15
283680	22	14
283672	1	15
283675	1	15
283681	1	14
283681	10	12
283682	1	12
283682	175	10
283682	346	8
283861	1	1
283865	1	15
283865	143	15
283865	324	14
283865	484	12
283865	722	10
283865	932	8
283865	1166	7
283858	1	15
283859	1	1
283860	1	15
283863	1	15
274978	1	7
297039	1	0
297039	6	5
297039	27	0
297046	1	0
297046	40	5
297050	1	0
297050	12	5
297047	1	0
297047	4	5
297047	14	0
297049	1	0
297048	1	0
297031	1	0
297031	6	24
297054	1	1
297055	1	0
297056	1	0
297056	4	5
297057	1	5
297067	1	0
297067	8	5
297063	1	1
297068	1	5
297062	1	0
297062	4	1
297065	1	5
297101	1	5
297100	1	5
297100	164	24
297100	182	24
297100	195	24
297100	207	24
297100	217	5
297098	1	0
297099	1	0
297099	3	5
297111	1	0
297112	1	1
297110	1	0
297109	1	0
297114	1	5
297107	1	5
297107	13	4
297107	19	2
297107	22	24
297107	26	20
297107	31	5
297107	36	4
297107	41	2
297107	46	0
297113	1	5
297116	1	1
297115	1	1
297150	1	0
297150	7	2
297150	23	4
297150	26	5
297150	30	5
297149	1	0
297149	16	1
297161	1	0
297160	1	0
297168	1	0
297168	36	5
297169	1	5
297170	1	1
297172	1	1
297162	1	0
297162	6	5
297174	1	1
297180	1	5
297163	1	0
297176	1	0
297176	11	5
297177	1	5
297181	1	5
297175	1	5
297182	1	5
297171	1	5
297173	1	1
297178	1	5
297179	1	5
297225	1	5
297199	1	0
297199	18	20
297215	1	20
297224	1	0
297224	10	5
297228	1	1
297229	1	5
297200	1	0
297209	1	0
297211	1	0
297211	11	24
297211	48	20
297211	63	20
297227	1	0
297227	9	5
297218	1	20
297218	9	5
297219	1	5
297219	28	5
297260	1	0
297264	1	0
297268	1	0
297268	27	24
297268	31	20
297268	34	20
297268	37	5
297268	40	5
297268	43	5
297268	46	5
297289	1	0
297288	1	0
297292	1	5
297292	326	5
297308	1	5
297286	1	5
297286	13	0
297290	1	0
297296	1	5
297296	208	5
297284	1	0
297281	1	0
297281	35	5
297281	43	20
297281	59	0
297282	1	0
297283	1	0
297291	1	0
297293	1	5
297285	1	0
297287	1	0
297316	1	5
299370	1	15
299370	8	0
299370	47	15
299370	56	13
299370	163	11
299369	1	15
299368	1	0
299368	35	15
300394	1	15
300395	1	15
300396	1	15
300397	1	15
300391	1	15
300389	1	11
300400	1	15
300400	93	13
300400	405	11
300401	1	0
300401	19	11
300401	396	8
300392	1	15
300393	1	15
300390	1	0
300390	2	15
300398	1	15
300399	1	15
301161	1	0
301161	36	8
301161	410	5
301165	1	5
302503	1	0
302503	8	3
305040	1	0
305040	44	24
305040	76	21
305040	89	24
305036	1	0
305024	1	1
305046	1	6
305046	5	9
305046	267	6
305034	1	0
305043	1	24
305033	1	0
305027	1	1
305044	1	0
305044	3	24
305044	56	21
305045	1	21
305045	2	19
305045	67	17
305045	143	14
305045	286	12
305045	376	9
305045	789	6
305035	1	0
305179	1	24
305182	1	1
305183	1	24
305184	1	1
305186	1	24
305186	100	21
305186	232	19
305186	373	17
305186	407	14
305141	1	1
297428	1	1
297433	1	5
297427	1	1
297429	1	5
297429	49	5
297432	1	5
297431	1	5
297430	1	5
297425	1	20
297434	1	5
297434	134	5
297435	1	5
297424	1	0
297424	13	20
297426	1	20
297426	7	5
297469	1	20
297467	1	0
297467	4	20
297467	54	20
297468	1	20
297486	1	5
297486	306	5
297488	1	5
297488	158	5
297487	1	5
297484	1	5
297485	1	5
297485	201	5
297483	1	0
297483	32	20
297483	172	5
297563	1	5
297563	63	5
297560	1	5
297562	1	5
297562	70	0
297562	77	0
297562	87	0
297562	96	0
297562	107	0
297562	120	5
297557	1	0
297557	7	20
297557	29	0
297557	42	0
297557	50	0
297557	58	0
297557	67	20
297557	301	5
297559	1	5
297558	1	0
297558	9	5
297558	258	5
297658	1	0
297659	1	0
297659	11	5
297663	1	0
297666	1	5
297656	1	0
297656	21	5
297656	36	20
297656	51	20
297662	1	0
297653	1	0
297657	1	0
297657	4	0
297661	1	0
297664	1	0
297664	20	5
297660	1	0
297660	2	5
297660	28	0
297665	1	5
299061	1	0
299061	22	5
299061	35	20
299061	37	5
299061	249	5
299064	1	0
299064	7	5
299065	1	5
299067	1	5
299067	31	5
299062	1	5
300063	1	1
300061	1	1
300064	1	0
300064	9	22
300064	12	19
300064	16	17
300064	19	15
300064	22	13
300064	26	11
300064	28	8
300064	32	5
300064	36	3
301147	1	0
302239	1	0
302239	11	12
302238	1	1
302240	1	12
302240	8	9
302240	609	6
302240	624	9
302240	625	6
302240	633	9
302240	673	6
302237	1	1
303998	1	0
303998	49	19
303998	79	21
303998	131	19
303998	206	17
304000	1	12
303999	1	17
303999	17	14
303999	298	12
304448	1	1
304448	6	1
304453	1	1
304435	1	1
304447	1	24
304447	230	21
304447	289	19
304447	420	17
304447	483	14
304447	615	12
304447	1145	9
304447	1370	6
304449	1	1
304446	1	0
304446	34	24
304451	1	6
297462	1	0
297462	6	20
297462	15	5
297462	22	5
297606	1	5
297603	1	5
297603	110	5
297605	1	5
297605	190	5
297605	224	0
297605	233	0
297605	242	0
297605	250	0
297605	257	5
297598	1	0
297598	18	20
297604	1	5
297597	1	0
297599	1	20
297599	91	5
300952	1	1
301046	1	0
301046	162	3
301087	1	1
301088	1	3
301086	1	0
301086	33	3
301249	1	0
301330	1	0
301330	21	11
301919	1	0
303595	1	0
303595	16	3
303601	1	0
303601	10	3
303600	1	1
303832	1	0
303832	9	24
303832	63	14
303832	144	12
303832	1079	9
303832	1594	6
304062	1	0
304062	53	3
304062	56	9
304062	58	14
304062	61	3
304062	63	17
304062	64	19
304062	127	17
304062	145	14
304062	377	12
304062	1181	9
304062	1914	6
304119	1	0
304119	7	21
304119	56	19
304119	62	21
304125	1	14
304125	261	12
304125	893	9
304125	1603	6
304120	1	21
304120	40	19
304120	95	17
304120	111	19
304120	169	17
304120	235	14
304452	1	0
304776	1	0
304776	16	24
304776	20	0
304776	48	24
297351	1	0
297480	1	0
297480	19	20
297494	1	0
297494	17	0
297496	1	0
297502	1	0
297504	1	5
297505	1	5
297505	311	5
297498	1	0
297499	1	0
297500	1	0
297503	1	0
297503	5	5
297503	324	5
297501	1	0
297495	1	0
297497	1	0
299711	1	1
301891	1	0
301897	1	0
302486	1	1
302492	1	0
302492	10	9
302494	1	9
302494	183	6
302487	1	1
302488	1	1
302489	1	1
302484	1	14
302484	32	12
302485	1	12
302485	579	9
302493	None	1
302490	1	1
302491	1	1
302567	1	0
302567	5	12
302566	1	12
302569	None	1
302564	1	1
302563	1	0
302563	40	14
302563	45	12
302565	1	1
302572	1	0
302572	6	12
302570	1	0
302570	2	12
302571	1	0
302571	2	12
302573	1	12
302573	78	9
302573	980	12
302573	1030	6
303825	1	9
303825	77	6
303824	1	0
303824	30	3
303824	51	14
303824	53	12
303824	313	9
303824	403	9
304778	1	0
304778	4	17
304778	47	17
304778	122	14
304778	257	12
304778	854	9
304775	1	0
304777	1	24
304777	101	24
304777	226	24
304777	263	21
304777	266	24
304777	357	21
304789	1	0
297341	1	0
297341	17	24
297341	26	20
297341	36	20
297341	46	5
297341	56	5
299381	1	17
299380	1	0
299380	34	15
299380	132	17
299380	137	15
299380	143	17
299380	151	17
299440	1	0
300101	1	0
300101	14	22
300101	16	19
300101	18	17
300105	1	15
300107	1	15
300104	1	0
300104	25	15
300106	1	15
301179	1	0
301179	34	11
301180	1	11
301180	29	8
301183	1	0
301183	3	8
301457	1	0
301461	1	0
301461	28	11
301461	424	8
302479	1	0
302479	30	12
302479	36	14
302479	82	12
297406	1	0
297406	8	20
297411	1	0
297411	25	5
297411	35	5
297411	449	5
297620	1	0
297620	24	20
297620	26	20
297620	37	20
297618	1	0
297618	10	24
297618	13	20
297618	15	20
297618	23	20
297618	29	20
297618	35	5
297618	40	5
297618	49	5
299731	1	1
301398	1	5
301391	1	0
301391	37	11
301395	1	1
301392	1	11
301392	288	8
301394	1	8
301397	1	8
301397	267	5
301399	1	5
301393	1	0
301393	2	8
301396	1	8
301579	1	0
301579	23	8
301579	24	11
301579	25	13
301579	26	15
301579	27	17
301579	28	3
301579	29	5
301579	30	8
301579	32	11
301579	33	13
301579	34	15
301579	35	17
301579	36	19
301579	37	22
302029	1	12
302026	1	0
302026	15	12
302034	1	6
302036	1	0
302036	10	6
302043	1	6
302043	201	3
302044	1	1
302038	1	6
302031	1	12
302031	100	9
302032	1	1
302033	1	9
302033	2	6
302040	1	6
302037	1	0
302037	3	6
302023	1	0
302027	1	1
302030	1	1
302041	1	6
302042	1	6
297675	1	20
297675	57	5
297675	410	5
297671	1	20
297674	1	0
297674	3	20
297673	1	0
297678	1	5
297678	4	0
297672	1	20
297672	2	0
297669	1	0
297670	1	0
297670	5	0
297670	14	0
297670	21	20
297712	1	0
297714	1	0
297713	1	0
297715	1	1
297711	1	0
300281	1	1
300283	1	11
300280	1	0
300280	24	15
300280	578	13
300282	1	13
300282	180	11
300284	1	11
300284	679	8
300539	1	15
300545	1	0
300545	4	15
300552	1	13
300538	1	15
300560	1	11
300560	253	8
300560	954	5
300561	1	5
300548	1	0
300548	2	13
300551	1	0
300551	2	13
300558	1	0
300558	8	13
300558	104	11
301550	1	22
301550	21	19
301550	26	17
301544	1	0
301544	3	22
302124	1	1
302132	1	6
302131	1	0
302131	29	9
302131	340	6
302388	1	0
302388	21	12
302388	577	9
297355	1	0
297359	1	0
297359	34	20
297359	51	20
297474	1	0
297474	17	20
297552	1	0
297552	46	5
297537	1	0
297537	4	20
297537	23	0
297537	27	24
297537	31	20
297537	34	20
297537	37	5
297537	40	5
297537	45	5
297537	48	5
297537	51	5
297537	54	0
297537	60	0
297537	63	0
297537	67	0
297537	70	0
297722	1	0
297722	35	20
297723	1	20
297723	14	0
297723	28	0
297723	34	0
297723	42	0
297723	51	5
300167	1	0
301080	1	0
303573	1	3
303575	1	3
303574	1	3
303569	1	0
303569	2	3
303572	1	0
303572	28	3
303523	None	1
303576	1	0
303576	104	3
304013	1	1
304197	1	24
304198	1	0
304198	3	21
304196	1	0
304196	38	21
304196	82	24
304199	1	0
304199	10	19
304200	1	19
304200	39	17
304200	194	14
299414	1	0
299414	4	15
299414	12	15
299414	40	13
299414	46	13
299414	98	15
299419	1	1
304784	1	0
304841	None	1
298678	1	0
298678	4	5
298671	1	0
298674	1	0
298679	1	5
298681	1	0
298681	6	5
301383	1	0
301383	28	11
301384	1	11
304711	1	0
304711	4	24
304711	7	21
304711	8	19
304711	9	17
304711	10	14
304711	11	12
304711	12	9
304711	13	6
304711	14	3
304711	17	21
304711	18	19
304711	19	17
304711	20	14
304711	22	12
304711	23	9
304711	24	6
304711	25	3
315633	1	17
315633	5	17
315645	1	17
315646	1	17
315647	1	17
315641	1	1
315642	1	17
315644	1	17
315640	1	17
301112	1	0
301120	1	1
301141	1	0
301141	12	5
301141	21	8
301142	1	8
301142	30	5
302978	1	0
304350	1	0
304350	15	19
304350	16	3
304350	18	3
304354	1	0
304354	80	24
304738	1	24
304738	365	21
304738	489	19
304738	563	17
304738	631	14
304738	769	12
304738	1332	9
304738	1579	6
304740	1	6
304722	1	0
304722	4	24
304722	7	21
304722	9	19
304722	11	17
304722	12	14
304722	13	12
304722	14	9
304722	15	6
304722	16	3
304722	17	24
304722	18	21
304722	19	19
304722	20	17
304722	21	14
304722	22	12
304722	23	9
304722	24	6
304722	25	3
304737	1	0
304737	69	24
304737	76	21
304737	90	24
304739	1	0
304739	3	6
315648	1	17
316069	1	1
316082	1	16
316456	1	1
316455	1	16
316455	68	16
316457	1	16
316457	12	16
316457	19	16
316457	130	16
316457	143	16
316457	154	16
316457	161	16
316457	416	16
316457	771	16
316457	1355	16
300927	1	0
300933	1	0
301951	1	0
315543	1	17
316664	1	16
316667	1	16
316665	1	16
316666	1	16
316666	3	16
316666	182	16
316666	559	16
316666	906	16
319524	1	16
319524	264	16
319524	703	16
319524	1248	16
319528	1	0
319528	6	16
319528	111	16
319525	1	16
319527	1	0
319521	1	16
319521	10	16
319521	15	16
319521	19	16
319526	1	16
319526	184	16
319526	193	16
319526	195	16
319526	275	16
319506	1	0
319506	11	16
319506	19	16
319523	1	0
319523	9	16
319523	12	16
319523	16	16
319523	21	16
319523	26	16
319523	30	16
319523	34	16
319523	37	16
319523	42	16
319523	44	16
319523	46	16
319523	48	16
319756	1	0
319756	5	16
319756	176	16
319756	412	16
319756	702	16
319756	1056	16
319756	1672	16
319928	1	1
319991	1	16
319991	332	16
319991	544	16
319991	828	16
319992	1	16
319992	249	16
319993	1	16
319993	574	16
320434	1	16
320757	1	16
320757	132	16
320855	1	16
320855	129	16
320855	448	16
320853	1	16
320853	186	16
320859	1	16
320854	1	16
320854	25	16
299614	1	0
299614	45	11
299614	72	8
299617	1	3
299616	1	0
299616	8	5
299616	84	3
304822	1	0
304826	1	1
304821	1	0
316505	1	16
316505	284	16
316505	567	16
316505	846	16
316505	1247	16
316701	1	16
316701	103	16
316701	389	16
316700	1	16
316700	299	16
316702	1	16
316702	236	16
318182	1	1
320858	1	16
320856	1	16
320857	1	16
320857	217	16
321055	1	16
321055	350	16
299183	None	1
299180	1	0
299180	5	5
299178	1	0
299178	36	20
299178	52	20
299185	1	5
299184	1	5
299184	201	5
301057	1	0
304796	1	0
304796	5	24
304797	1	0
304797	4	24
304797	11	0
304797	22	24
304797	426	21
304797	554	19
304797	581	17
304797	672	14
304797	772	12
304797	1459	9
304797	2087	6
304797	2864	3
304795	None	1
315555	1	17
315555	5	17
315557	1	17
315556	1	17
315554	1	17
315554	5	17
317696	1	16
317696	251	16
317696	543	16
319697	1	16
319697	28	16
319698	1	16
319907	1	16
319913	1	16
319913	3	16
319908	1	16
319909	1	1
319914	1	16
319914	4	16
319915	1	16
319897	1	16
319910	1	16
319910	106	16
319910	248	16
319910	358	16
319910	642	16
319912	1	16
319912	2	16
320712	1	16
320712	82	16
320934	1	16
320934	169	16
320934	530	16
320936	1	16
320941	1	16
320941	4	16
320933	1	16
320933	52	16
300517	1	11
300517	309	8
300515	1	15
300515	416	13
300515	738	11
300516	1	11
300514	1	0
300514	27	15
300514	34	17
300514	62	19
300514	100	17
300514	116	15
302634	1	0
302634	37	12
302635	1	12
302635	124	9
302635	916	6
305180	1	1
305188	1	14
305188	17	12
305188	34	9
305188	469	6
305188	481	3
305178	1	0
305178	50	24
305181	1	1
305185	1	1
305187	1	14
305427	1	0
305427	11	17
305440	1	0
305440	18	17
305441	1	17
305821	1	17
305821	35	0
305821	42	17
305821	49	0
305821	57	17
305821	567	15
305821	720	14
305818	1	17
317510	1	16
317509	1	16
317509	197	16
317511	1	16
317511	33	16
317511	304	16
317508	1	1
317505	1	16
317505	11	0
317505	16	16
317505	22	16
317505	30	16
317505	40	16
317505	45	16
317505	49	16
317505	57	16
317512	1	16
317512	15	16
317512	284	16
319816	1	0
319815	1	0
321051	1	16
321051	209	16
321051	454	16
321051	716	16
321051	1049	16
321067	1	16
321067	42	16
321067	401	16
321067	530	16
321069	1	16
321068	1	16
321068	179	16
321068	647	16
321323	1	16
301960	1	5
301959	1	0
301959	25	11
301959	433	8
301959	1061	5
304170	1	3
304169	1	0
304169	38	21
304169	79	17
304169	88	19
304169	167	17
304169	199	14
304169	458	12
304169	1109	9
304169	1312	6
304169	1438	3
304655	1	14
304655	91	12
304655	686	9
304654	1	0
304654	41	24
304654	351	21
304654	538	19
304654	595	17
304654	668	14
317264	1	1
317239	1	1
317787	1	1
317789	1	16
319450	1	16
319450	100	16
319450	593	16
319452	1	1
319449	1	16
319449	176	16
319453	1	1
319456	1	16
319456	184	16
319459	1	16
319447	None	1
299958	1	0
299958	8	3
301427	1	0
301524	1	8
301525	1	8
301528	1	8
301526	1	1
301529	1	8
301532	1	5
301531	1	8
301531	6	5
301519	1	0
301519	34	11
301519	187	8
301530	1	8
301521	1	1
301986	1	8
301986	343	5
301983	1	1
301984	1	0
301984	12	11
301985	1	11
301985	51	8
301987	1	5
301987	1057	3
302015	1	1
302626	1	0
302620	1	0
302620	67	24
302620	74	21
302620	80	19
302620	84	17
302624	1	0
302662	1	1
302663	1	12
302663	208	9
302663	432	6
302660	1	0
302660	25	17
302660	26	21
302660	28	12
302661	1	12
304366	1	0
304366	4	24
304366	26	0
304366	32	24
304366	339	21
304366	354	24
304366	380	21
304366	507	19
304366	570	17
304366	639	14
304366	755	12
304366	1388	9
304364	1	0
306126	1	6
306126	38	3
306126	48	6
306126	96	3
306126	171	3
306126	199	3
306126	247	3
306122	1	17
306125	1	17
306125	343	15
306125	435	14
306125	573	13
306125	672	13
306125	899	11
306125	1379	8
306125	2004	6
306115	1	17
306116	1	17
306119	1	17
306121	1	17
298652	1	0
298653	1	0
298653	19	0
317392	1	16
317392	204	16
317392	513	16
317392	715	16
317392	1048	16
317392	1479	16
317391	1	16
317927	1	16
320497	1	16
320497	6	16
320500	1	16
320500	65	16
320823	1	16
320823	71	16
320822	1	16
320822	35	16
320822	285	16
320824	1	16
320824	151	16
320824	951	16
320821	1	16
320821	68	16
299420	1	0
299420	2	15
299420	11	15
300079	1	0
300079	26	3
300078	1	1
300364	1	0
300364	27	13
300364	30	15
300373	1	15
300367	1	15
300368	1	15
300371	1	15
300360	1	1
300369	1	15
300374	1	15
300361	1	1
300372	1	1
300375	1	15
300375	22	13
300366	1	15
300370	1	15
300365	1	15
303948	1	0
303948	50	17
303948	55	19
303948	150	17
303948	158	21
303948	162	17
303948	336	14
303948	641	12
303948	1347	9
303989	1	9
306153	1	17
306153	6	0
306153	77	17
306171	1	17
306171	10	3
306154	1	17
306154	405	15
306154	594	14
306154	706	13
306154	842	13
306154	1034	11
306169	1	6
306169	371	3
306170	1	3
306155	1	11
306155	303	8
306155	945	6
315420	1	11
299390	1	1
299394	1	0
299394	5	17
299396	1	15
299391	None	1
299393	1	1
299395	1	17
299395	29	15
299392	1	1
301313	1	0
301323	1	0
301323	35	8
301323	39	11
301323	509	8
301450	1	5
301448	1	8
301447	1	0
301447	33	11
301447	220	8
301449	1	8
301449	78	5
302153	1	0
303838	1	0
303838	51	17
303838	243	14
303838	523	12
303838	1248	9
303838	1857	6
305113	1	0
305113	9	12
305114	1	12
305114	32	9
305112	1	0
305112	66	24
305112	147	21
305112	720	19
305112	813	17
305112	891	14
305112	957	12
306036	1	17
306036	6	0
306036	58	17
306051	1	11
306051	137	8
306038	1	17
306038	7	17
306038	13	17
306038	74	17
306039	1	1
306048	1	13
306041	1	17
306041	299	15
306037	1	17
306037	3	17
306040	1	1
306042	1	15
306042	70	14
306042	196	13
306042	317	13
306049	1	13
306049	7	11
315339	1	8
317315	1	16
317320	1	16
317320	106	16
317320	348	16
317320	626	16
317320	856	16
317320	1363	16
317319	1	16
317434	1	16
317435	1	16
317435	4	16
317435	214	16
317435	484	16
317435	832	16
317435	1375	16
317438	1	16
299649	1	0
299649	9	13
299649	36	15
299649	64	17
299649	87	15
299649	96	13
299649	103	19
299649	263	15
299650	None	1
300812	1	13
300816	1	0
300816	6	13
300817	1	13
300817	114	11
300806	1	0
300806	36	17
300806	69	19
300806	201	17
300811	1	0
300811	6	17
300811	124	15
301914	1	8
301912	1	0
301912	43	8
301909	1	0
301913	1	8
302995	1	0
315713	1	17
317089	1	16
317089	240	16
317089	693	16
317087	1	16
317087	267	16
317087	510	16
317087	836	16
317088	1	16
317212	1	16
317213	1	16
317213	11	16
317213	283	16
317580	1	16
318432	1	1
319077	1	16
298906	1	0
298906	36	24
298906	49	20
298906	60	20
298906	70	20
298906	80	20
298906	90	5
298906	100	5
298906	110	5
298906	120	5
298906	130	5
298906	140	0
300488	1	0
302277	1	0
302277	5	9
302278	1	6
302279	1	6
302279	28	3
302280	1	3
302533	1	0
302827	1	1
302804	1	1
302806	1	0
302828	1	1
302820	1	0
302821	1	0
302839	1	1
302829	1	0
305314	1	12
305314	76	9
305314	367	6
305310	1	0
305310	59	24
305310	65	21
305312	1	21
305312	99	19
305312	164	17
305311	1	21
305313	1	17
305313	89	14
305313	258	12
306135	1	17
306135	520	15
306135	524	17
306135	603	15
306135	705	14
306135	819	13
306135	994	13
306134	1	17
306134	9	0
306134	51	17
306137	1	1
306137	3	1
306139	1	6
306139	20	6
306139	42	6
306139	524	3
306139	528	6
306139	550	3
306139	1087	3
306139	1094	6
306138	1	17
306138	6	11
306138	387	8
306138	1018	6
315840	1	17
318856	1	1
299042	1	0
299042	13	5
299038	1	0
305902	1	17
305902	42	0
305902	51	17
306416	1	0
306432	1	11
306432	174	3
306432	337	11
306417	1	17
306418	1	17
306414	1	1
306414	4	1
306425	1	0
306425	10	0
306425	20	0
306425	115	11
306425	116	0
306419	1	17
306422	1	17
306422	4	15
306415	1	1
306420	1	17
306421	1	1
306423	1	15
306423	111	13
306423	237	13
316095	1	16
317279	1	16
317279	35	16
317683	1	16
317683	269	16
319840	1	16
319841	1	16
299913	1	1
300675	1	15
300673	1	0
300673	46	15
300674	1	15
300676	1	15
302225	1	0
302225	54	9
302225	562	6
302513	1	0
302513	28	14
304149	1	0
304149	3	24
304149	9	21
304149	14	19
304149	20	17
304149	25	14
304149	30	12
304149	35	9
304149	41	6
304149	46	3
304149	51	21
304149	56	19
304149	62	17
304149	67	14
304149	72	12
304149	77	9
304149	83	6
304149	87	3
304254	1	0
304257	1	0
304257	16	21
315390	1	8
315398	1	1
315406	1	6
315403	1	8
315404	1	8
315404	7	6
315376	1	1
315382	1	1
315385	1	1
315402	1	6
315400	1	1
315405	1	8
315405	6	6
316112	1	1
316109	1	16
316111	1	16
316113	1	16
316114	1	16
316114	10	16
316114	726	16
316110	1	16
316412	1	1
316413	1	16
316413	10	0
316413	15	16
316413	18	16
316413	20	16
316413	22	16
316413	28	16
316413	33	16
316413	40	16
316413	47	16
316413	54	16
316414	1	16
317591	1	16
317591	298	16
319852	1	1
319847	1	16
319851	1	16
319854	1	16
319854	167	16
319848	1	16
319849	1	16
319849	140	16
319849	381	16
319853	1	16
319853	110	16
316994	1	16
316993	1	16
316993	121	16
316995	1	16
316995	86	16
316995	401	16
318885	1	16
319687	1	0
319687	7	16
323639	1	16
323639	11	16
324818	1	16
302392	1	0
302392	34	12
302393	1	12
302393	483	9
302393	586	9
302393	591	9
302393	601	9
321305	1	16
321305	338	16
321305	612	16
321305	876	16
321305	882	16
321305	904	16
321305	1214	16
321305	1711	16
321305	2446	16
321311	1	16
321313	1	16
321313	4	16
321309	1	1
321309	4	1
321310	1	16
321312	1	16
321312	4	16
325100	1	16
325100	184	16
325111	1	16
325101	1	16
325101	245	16
325113	1	16
325114	1	1
325117	1	0
325117	3	16
325097	1	0
325097	32	16
325097	40	16
325098	1	16
325099	1	16
325099	106	16
325099	328	16
325110	1	16
325110	3	16
325492	1	0
315784	1	17
315789	1	1
315790	1	17
315785	1	17
315787	1	17
315788	1	1
315786	1	17
324785	1	16
324785	123	16
324785	157	16
324785	195	16
324785	335	16
324785	550	16
324791	1	16
324791	179	16
324791	618	16
324021	1	16
324021	279	16
324021	456	16
324021	675	16
324022	1	16
324022	176	16
324022	550	16
324729	1	16
317170	1	16
323755	1	16
323755	247	16
323755	380	16
323755	659	16
322247	1	1
322252	1	16
322252	180	16
322252	425	16
322252	684	16
322252	996	16
322252	1403	16
323716	1	16
324896	1	0
324897	1	0
324897	13	16
324897	135	16
324543	1	1
317864	1	16
301439	1	0
301694	1	0
301694	27	15
301694	64	17
324564	1	16
324564	4	16
316260	1	16
316262	1	16
317884	1	16
317875	1	16
317880	1	16
317908	1	16
317907	1	16
317913	1	16
317891	1	16
318874	1	16
318872	1	16
318872	31	16
318872	266	16
318876	1	16
318877	1	16
318877	49	16
302597	1	9
302597	586	6
302596	1	0
302596	31	3
302596	39	12
302596	648	9
320980	1	16
317182	1	16
317182	237	16
317182	516	16
317182	807	16
317182	1180	16
324980	1	0
324980	25	16
324980	205	16
324980	371	16
324980	617	16
324980	908	16
324980	1371	16
324980	2129	16
321138	1	16
321138	105	16
321138	647	16
321140	1	16
321134	1	16
321134	35	16
304209	1	0
304209	39	21
304209	178	19
304209	190	21
304209	219	19
304209	280	17
304209	433	14
304207	None	1
321383	1	16
321383	7	16
321397	1	16
321397	13	16
321386	1	16
321386	14	16
321393	1	16
321396	1	16
321396	61	16
321396	292	16
321396	567	16
321396	892	16
321396	1296	16
321388	1	16
321388	6	16
322599	1	16
322599	232	16
322602	1	16
322603	1	16
322605	1	16
322605	65	16
322617	1	16
322617	3	16
322617	175	16
322617	510	16
322617	563	16
322616	1	16
305247	1	0
305247	38	24
305247	58	21
305248	1	21
305248	294	19
305248	373	17
305248	507	14
305248	668	12
305250	1	12
305249	1	12
305252	1	12
305252	204	9
321833	1	16
321833	3	16
321832	1	16
321832	188	16
321834	1	16
321834	298	16
321831	1	16
321831	172	16
321831	412	16
321831	582	16
316470	1	16
316470	255	16
316469	1	16
316469	400	16
316469	600	16
316472	1	16
316472	89	16
320383	1	16
300975	1	1
300974	1	1
300973	1	0
302646	1	0
302646	28	12
302649	1	1
302650	1	1
302651	1	12
302654	1	12
316187	1	16
316187	228	16
316187	523	16
316187	793	16
316187	1127	16
316187	1534	16
316186	1	16
316186	4	16
316186	62	16
316241	1	16
316238	1	1
316239	1	16
316239	199	16
316239	563	16
316240	1	16
316240	19	16
316240	38	16
316240	155	16
316240	473	16
316240	1155	16
319809	1	0
319809	6	1
319811	1	0
319811	2	16
323727	1	16
323727	22	16
323727	222	16
323727	544	16
323727	907	16
323725	1	16
323725	169	16
323726	1	16
323726	44	16
315951	1	1
315944	1	16
315944	12	16
315944	17	16
315944	20	16
315944	24	16
315944	29	0
315944	34	16
315944	38	16
315944	42	16
315944	46	16
315944	50	16
315953	1	16
315953	8	16
315953	11	0
315953	15	16
315953	19	16
315953	23	16
315949	1	1
315945	1	1
315941	1	16
315947	1	1
323825	1	1
315363	1	11
315363	130	0
315362	1	1
315365	1	8
315365	16	11
315361	1	11
315366	1	8
315366	3	11
322022	1	16
322022	192	16
322022	370	16
322022	700	16
322022	1012	16
322022	1353	16
300958	1	0
302695	1	0
302694	1	0
320077	1	16
322348	1	16
322348	189	16
322348	451	16
322348	699	16
322348	1011	16
322348	1304	16
322431	1	16
322431	122	16
322431	516	16
322430	1	16
322430	178	16
322430	353	16
322430	614	16
322672	1	1
302448	1	0
302448	21	12
302448	620	9
302448	1501	6
303885	1	0
303885	59	17
303885	87	19
303885	173	17
303885	415	14
303885	585	12
303885	1399	9
303885	2015	6
305358	1	0
305358	90	24
305359	1	1
321262	1	16
321260	1	1
321261	1	16
323652	None	1
323653	1	16
323650	1	1
317313	1	16
317314	1	1
320688	1	16
320688	73	16
320688	261	16
320688	561	16
300235	1	15
300234	1	15
300236	1	0
300236	11	15
300239	1	8
300237	1	15
300237	5	13
300237	286	11
300238	1	0
300238	30	11
300238	253	8
300241	1	5
300233	1	0
300233	43	15
300240	1	8
300240	329	5
321909	1	16
321909	182	16
321909	482	16
321909	797	16
321909	1549	16
321908	1	16
321908	182	16
321908	282	16
321908	292	16
321908	388	16
323495	1	16
323493	1	16
323491	1	1
323488	1	16
323488	150	16
323488	445	16
323488	787	16
323487	1	16
323487	98	16
323487	144	16
323487	165	16
323487	382	16
323492	1	16
324314	1	1
324318	1	16
324318	182	16
324313	1	1
324315	1	16
324315	64	16
324317	1	1
315447	1	17
316638	1	16
323523	1	16
323525	1	16
323525	276	16
323525	681	16
323526	1	16
323526	317	16
323524	1	16
323524	22	16
323524	216	16
323524	513	16
323775	1	16
323775	152	16
323778	1	16
323778	198	16
323778	469	16
323778	761	16
300117	1	0
300117	30	15
319639	1	0
319639	9	16
319639	162	16
319639	1061	16
303808	1	0
303808	7	19
303813	1	1
303813	7	1
325422	1	0
325421	1	0
315703	1	17
315702	1	17
315704	1	17
315705	1	17
319678	1	0
319678	17	16
319678	181	16
321432	1	16
321433	1	16
321433	54	16
321436	1	16
321436	92	16
321436	498	16
321431	1	16
321434	1	16
321434	155	16
321434	424	16
317661	1	16
317661	254	16
317661	503	16
317661	797	16
317661	1113	16
317663	1	16
317663	5	16
317663	210	16
317663	242	16
317663	340	16
323954	1	16
323940	1	16
323940	292	16
323940	497	16
323940	749	16
323940	957	16
323940	1335	16
299149	1	0
299149	18	5
299149	33	20
299149	215	5
301414	1	0
301417	1	0
301417	50	11
318828	1	16
318828	62	16
318827	1	16
321402	1	16
323292	1	16
323292	104	16
323857	1	16
323857	46	16
323841	1	16
323841	110	16
323841	332	16
322040	1	16
322633	1	16
322633	167	16
322625	1	16
322625	178	16
322625	398	16
322625	663	16
322625	975	16
299005	1	0
322397	1	1
305965	1	1
305967	1	17
305966	1	1
305963	1	0
305963	9	17
305963	14	17
305964	1	1
298991	1	0
300575	1	15
300574	1	0
300574	15	13
300574	20	15
300576	1	0
300576	7	15
300576	152	13
300576	517	11
300576	865	8
300576	873	11
302926	1	0
304292	1	21
304292	50	24
304292	69	21
304292	78	24
304292	138	21
304292	185	19
304292	249	17
304292	360	14
304292	505	12
304292	1083	9
304292	1735	6
304292	1780	0
304292	1781	6
304291	1	0
304291	12	21
304291	13	0
304291	37	21
320543	1	16
320548	1	16
325511	1	0
325517	1	0
325520	1	0
325520	61	16
305237	1	21
305237	595	19
305237	672	17
305237	796	14
305237	843	12
305234	1	0
305234	50	24
305234	63	21
305235	1	1
305236	1	21
324432	1	16
316717	1	16
316717	119	16
316719	1	16
316723	1	16
316718	1	16
316718	265	16
316720	1	16
316720	106	16
316721	1	16
316722	1	16
316722	378	16
316716	1	16
316716	23	16
316715	1	16
320395	1	16
320393	1	16
320393	18	16
320393	24	16
320393	33	16
320393	43	16
320393	50	16
320393	56	16
320393	62	16
320393	66	16
320393	72	16
320393	77	16
320393	81	16
320393	87	16
320393	91	16
320396	1	16
302525	1	12
302525	621	9
302523	1	12
302526	1	9
302524	1	1
302522	1	0
302522	24	12
315229	1	1
315252	1	8
315252	6	6
315255	1	6
315259	1	6
315258	None	1
315240	1	1
315257	1	6
315346	1	8
315350	1	8
315351	1	1
315345	1	8
315343	1	8
315349	1	8
320416	1	16
320413	1	16
321165	1	1
321166	1	16
321164	1	16
321162	1	16
321167	1	16
321167	145	16
321167	381	16
321167	660	16
302474	1	9
302473	1	12
302473	2	9
302476	1	9
302476	78	6
302472	1	0
302472	20	12
302475	1	1
322057	1	16
302509	1	0
302509	34	14
302975	1	0
321710	1	16
321712	1	16
321712	15	16
321712	201	16
321709	1	16
321933	1	16
321933	150	16
319984	1	1
325605	1	0
325591	None	1
301554	1	1
301554	3	1
301554	12	1
301557	1	0
301567	1	0
301567	12	11
301567	20	11
301567	267	8
321636	1	16
321586	1	16
321586	9	0
321586	12	16
321586	14	16
321586	16	16
321586	20	16
321586	24	16
321586	28	16
321586	31	16
321586	37	16
321586	40	16
321586	44	16
321586	47	16
321586	50	16
321586	52	16
321586	57	16
321528	1	16
321607	1	16
321536	1	1
321650	1	0
321650	9	16
321650	13	16
321650	15	16
321650	17	16
321650	19	16
321650	22	16
321650	24	16
321650	27	16
321650	29	16
321650	31	16
321650	33	16
321650	35	16
321650	39	16
321650	41	16
321650	44	0
321640	1	16
321640	13	0
321640	15	16
321640	17	16
321640	18	16
321640	20	16
321640	23	16
321640	24	16
303816	1	0
303816	7	6
303816	17	0
303817	1	0
303817	60	6
303817	72	3
304326	1	0
304332	None	1
304333	1	0
304333	4	24
304333	71	0
304333	74	24
304333	82	21
304333	120	24
304333	448	19
304333	503	17
304333	579	14
304333	739	12
304333	1366	9
299338	1	0
320178	1	16
320177	1	16
320189	1	16
320185	1	16
320190	1	16
320192	1	16
320191	1	16
320186	1	16
304562	1	0
304562	4	24
304562	57	0
304562	60	24
304562	268	21
304562	416	19
304562	473	17
304562	520	14
304562	579	12
304562	626	9
304562	684	6
304562	821	3
319579	1	16
319579	277	16
319579	758	16
319579	1173	16
319579	1401	16
319579	1979	16
319579	1987	16
319579	2273	16
319579	2278	16
319579	2511	16
319579	2516	16
321221	1	16
321218	1	16
321218	298	16
321218	553	16
321218	823	16
321219	1	16
321219	168	16
321219	604	16
304144	1	0
304144	63	21
304144	70	24
304144	138	21
304144	411	19
304144	488	17
304144	535	14
304144	916	12
304144	1574	9
304144	2222	6
324087	1	16
324087	4	16
324101	1	16
324089	1	16
324089	16	16
324164	1	1
324161	1	16
324161	3	16
324131	1	16
324162	1	16
324163	1	16
324163	13	16
324163	17	16
324163	19	16
324163	22	16
324163	26	16
324163	29	16
324163	31	16
324163	33	16
324163	35	16
324163	38	16
324163	41	16
324163	43	16
324163	45	0
324163	47	16
324167	1	16
315764	1	17
315963	1	1
315974	1	16
315974	21	16
315965	1	1
315973	1	17
315962	1	1
315964	1	1
315966	1	16
315966	9	16
315966	15	16
315966	21	16
315966	27	16
315966	34	16
315966	40	16
315966	46	16
315966	50	16
315966	56	0
315966	62	16
315966	66	16
322049	1	16
322049	9	16
322049	12	16
322049	15	16
322049	18	16
322049	21	16
322049	23	16
299595	1	11
299592	1	0
299592	31	15
299598	1	0
299598	4	11
299598	8	0
299594	1	11
299593	1	15
299593	216	15
299593	361	13
299593	713	11
299597	1	0
299597	3	11
299804	1	0
299780	1	0
299829	1	1
299774	1	0
299813	1	0
299825	1	0
299831	1	1
299786	1	0
299833	1	0
299799	1	0
299809	1	0
299815	1	0
299806	1	0
299775	1	0
299807	1	1
299808	1	0
299819	1	0
299819	5	22
300124	1	0
300124	17	8
300124	202	5
300123	1	8
300122	1	0
300122	46	19
300122	50	15
300122	482	13
300122	817	11
300122	1210	8
320920	1	16
320916	1	16
320917	1	16
320917	99	16
320917	326	16
320917	605	16
320917	952	16
320917	1469	16
299662	1	0
299664	1	0
299663	1	0
324077	1	16
324077	281	16
324077	537	16
324077	755	16
324078	1	16
324078	4	16
324078	217	16
301809	1	0
299443	1	0
299443	51	15
315587	1	1
302543	1	0
321178	1	0
321178	5	16
321178	46	16
321177	1	16
321177	356	16
321177	480	0
305376	1	0
305376	65	24
305377	1	24
305377	217	21
305377	398	24
305377	438	21
305377	591	19
305377	663	17
305377	705	14
305377	780	12
305377	1374	9
305862	1	0
305862	79	17
305862	637	15
316477	1	1
316478	1	16
316478	12	0
316478	17	16
316478	20	16
316478	23	16
316478	25	16
316478	29	16
316478	31	16
316478	32	16
316478	36	16
316478	43	16
320258	1	16
300459	1	0
300459	29	13
300459	34	15
300467	1	5
300467	10	8
300467	519	5
300424	1	0
300466	1	11
300466	501	8
300466	627	5
300438	1	1
300462	1	15
300462	12	13
300463	1	13
300464	1	13
300464	87	11
300461	1	15
305840	1	14
305840	135	13
305840	257	13
305840	448	11
305840	965	8
305832	1	17
305832	5	0
305832	86	17
305833	1	17
305841	1	1
305842	1	8
305842	431	6
305839	1	17
305839	187	15
315510	1	17
315509	1	17
315499	1	17
315499	24	6
315512	1	17
315506	1	17
316928	1	16
316928	3	16
316928	58	16
319800	1	0
319800	9	16
319941	1	16
319941	63	16
319941	272	16
319942	1	16
319942	47	16
305617	1	1
305636	1	17
305636	22	0
305636	60	17
305636	167	17
305636	199	17
305636	528	15
305636	673	14
305636	813	13
305636	905	13
305636	1107	11
305636	1605	8
305636	2209	6
325167	1	1
325168	1	16
325159	1	0
325159	2	16
325159	70	16
325159	236	16
325169	1	16
325170	1	16
325170	197	16
325170	222	16
325170	333	16
325170	703	16
325172	1	0
325172	4	16
325172	353	16
325175	1	0
325175	6	16
298855	1	20
298853	1	0
298853	19	20
298853	437	20
298853	444	20
298853	445	20
298854	1	20
298854	5	20
298854	18	20
320065	1	16
320065	191	16
320065	536	16
320059	1	16
320060	1	16
320060	14	16
320064	1	16
320064	110	16
320062	1	16
320058	1	16
320063	1	16
320061	1	16
325022	1	0
325022	17	16
325022	38	16
325022	64	16
325022	378	16
325022	387	16
325022	1317	16
325022	1485	16
304956	1	0
304956	4	24
304956	5	21
304956	6	19
304956	7	17
304956	8	14
304956	9	12
304956	10	9
304956	11	6
304956	12	3
304956	13	24
304956	14	21
304956	15	19
304956	16	17
304956	18	14
304956	19	12
304956	20	9
304956	22	6
304956	23	3
305203	1	21
305203	34	19
305204	1	19
305204	146	14
305204	320	12
305204	861	9
305202	1	0
305202	65	24
305202	550	21
315321	None	1
315300	1	8
315322	1	8
315320	1	8
302349	1	9
302349	3	6
302337	1	0
302337	24	12
302337	117	9
302343	1	9
302350	1	6
302342	1	0
302342	19	9
302344	1	0
302344	3	9
317416	1	16
317420	1	16
317415	1	1
321294	1	16
321294	15	16
321296	1	16
321295	1	16
321295	141	16
321295	432	16
321295	608	16
321283	1	16
321679	1	16
305350	1	14
305351	1	14
305351	148	12
305351	559	9
305338	1	24
305349	1	17
305336	1	0
305336	36	24
305341	1	24
305341	265	21
305341	381	19
305341	468	17
306240	1	17
325862	1	0
325861	1	0
316219	1	16
316216	1	16
316216	234	16
316217	1	16
316217	189	16
316218	1	16
316218	190	16
316218	547	16
316218	929	16
316218	935	16
316218	962	16
317639	1	1
317640	1	16
317640	279	16
317640	424	16
317640	718	16
317641	1	16
317641	246	16
317641	607	16
317641	686	16
317641	756	16
318651	1	1
316615	1	16
316615	268	16
316613	1	16
316614	1	1
320673	1	16
320674	1	16
320674	14	16
325465	1	0
325464	1	0
299316	1	0
299316	14	5
299316	47	5
299318	1	5
299324	1	0
299324	11	5
299326	1	5
299322	1	1
299329	1	5
299325	1	5
299327	1	5
299327	30	5
299317	1	5
299321	1	1
306011	1	1
306017	1	1
306012	1	17
306012	10	0
306012	13	0
306012	16	0
306012	18	0
306012	21	0
306012	23	0
306012	26	0
306015	1	1
325065	1	16
325065	2	16
320285	1	16
320275	1	1
320276	1	1
320283	1	16
320277	1	16
322381	1	16
322381	142	16
322381	342	16
322381	570	16
305586	1	17
305586	4	0
305586	33	17
305586	45	17
305586	55	17
305586	548	15
305589	1	17
305589	2	14
305589	40	13
305589	221	13
305589	362	11
305590	1	11
305590	177	8
305590	714	6
305588	1	17
305588	56	14
305814	1	17
305814	5	0
305814	84	17
305814	560	15
305814	651	14
305814	780	13
305814	879	13
305814	1030	11
305814	1160	8
305814	1164	11
305814	1416	8
300156	1	11
300155	1	0
300155	29	15
300155	423	13
300155	750	11
300157	1	0
300157	9	11
300157	180	8
300157	948	5
301665	1	8
301664	1	0
301664	27	8
301664	49	11
301664	203	8
316291	1	16
321078	1	16
321122	1	16
321122	212	16
321123	1	1
321126	1	16
321126	14	16
321126	110	16
321119	1	16
321121	1	16
321124	1	16
321124	116	16
321124	397	16
299094	1	0
299096	1	0
299096	2	5
305208	1	12
305207	1	0
305207	43	24
305207	667	21
305207	786	19
305207	859	17
305207	944	14
305207	1059	12
321475	1	16
321475	197	16
321475	479	16
321475	741	16
321475	1052	16
321475	1525	16
321475	1916	16
321475	1922	16
300631	1	0
300631	41	15
300633	1	15
300633	292	13
300634	1	1
300584	1	1
300635	1	13
300635	165	11
300636	1	11
300636	835	8
300636	1493	5
300632	1	15
305511	1	0
299764	1	0
316568	1	1
316569	1	16
316569	196	16
316569	370	16
316569	636	16
316569	709	16
316569	790	16
316569	1155	16
316569	1651	16
316201	1	16
316201	145	16
316200	1	16
316202	1	16
316202	126	16
316199	1	16
316199	429	16
316199	702	16
316199	989	16
320569	1	16
320569	5	16
320566	1	1
320570	1	16
320571	1	16
300777	1	0
300777	19	17
300777	21	15
300777	388	13
300780	1	0
300780	3	13
300780	243	11
300785	1	11
300785	579	8
300785	1262	5
300781	1	11
301281	1	0
301281	36	8
301283	1	0
301283	3	8
301283	524	5
301283	859	3
301283	862	5
301298	1	0
301298	45	11
301298	547	8
301293	1	0
321683	1	16
321685	1	1
321887	1	16
321887	171	16
321887	395	16
321887	646	16
321887	951	16
297780	None	1
303676	1	0
318013	1	16
318017	1	16
301998	1	8
301998	639	5
301997	1	0
301997	33	11
301997	285	8
300293	1	0
300308	1	0
300312	1	0
300309	1	1
300313	1	0
300310	1	0
300314	1	0
305282	1	0
305282	73	24
305282	87	21
319656	1	0
319656	55	16
319656	136	16
319657	1	16
319657	68	16
319658	1	0
319658	4	16
319658	93	16
319659	1	16
322355	1	16
322355	124	16
322356	1	16
322356	187	16
322356	458	16
322356	777	16
304661	1	0
304661	43	24
304662	1	24
304662	109	21
304663	1	21
304663	127	19
304663	207	17
304663	278	14
304663	405	12
305081	1	0
305081	52	24
305081	69	21
305081	756	19
305081	828	17
305081	900	14
305081	1096	12
324245	1	16
324245	95	16
324245	264	16
324245	507	16
324245	828	16
324245	1264	16
325430	1	0
304506	1	24
304507	1	24
304507	50	21
304507	76	19
304507	172	17
304508	1	14
304508	130	12
304508	710	9
304508	1259	6
304505	1	0
304505	47	24
316142	1	16
316144	1	16
316876	1	16
316876	295	16
316876	461	16
316876	479	16
316876	607	16
316878	1	1
316877	1	16
316877	210	16
316879	1	16
316879	140	16
316911	1	16
321461	1	16
321457	1	16
321457	357	16
321457	593	16
321457	852	16
321457	1201	16
321457	1627	16
318819	1	16
318816	1	16
318816	29	16
318816	56	16
318820	1	16
320996	1	16
320994	1	1
320994	3	1
320995	1	16
320995	4	16
321880	1	16
321879	1	16
321879	60	16
321879	103	16
321879	113	16
321879	325	16
321870	1	16
320336	1	16
320338	1	16
320337	None	1
320344	1	16
320347	1	16
320340	1	16
320342	1	16
300328	1	0
322113	1	16
322118	1	16
322118	116	16
322118	318	16
322118	544	16
322118	827	16
305063	1	24
305063	30	21
305061	1	1
305064	1	21
305064	97	19
305064	173	17
305064	243	14
305064	460	12
305064	982	9
305064	1587	6
305060	1	1
305062	1	1
305059	1	0
305059	62	24
305059	529	21
305059	535	24
315488	1	17
315488	8	14
315489	1	14
315490	1	14
317861	1	16
301359	1	0
301359	32	11
301904	1	0
301969	1	0
301969	24	3
301969	28	11
301970	1	0
301970	6	11
323318	1	16
324201	1	16
324201	92	16
324201	304	16
324201	555	16
324201	833	16
324201	1214	16
324205	1	16
324200	1	1
324206	1	16
324206	37	16
324207	1	16
324202	1	16
324202	3	16
324209	1	16
322079	1	16
322079	331	16
322088	1	16
322088	70	16
322088	320	16
318562	1	1
318563	1	16
324408	1	16
324570	1	16
324570	18	16
324571	1	16
324571	4	16
302228	1	0
302228	58	6
302228	72	12
302228	80	9
302228	83	12
302228	115	9
302229	1	9
322339	1	16
322339	7	0
322339	10	16
322339	14	16
322339	18	16
322339	22	16
322339	26	16
322339	30	16
322339	34	16
322339	38	16
322339	42	16
322339	46	16
322339	51	16
322339	54	16
322339	58	16
322165	1	1
322167	1	1
322179	1	16
322179	233	16
322179	475	16
322179	872	16
322179	1055	16
322179	1448	16
320094	1	16
320090	1	16
300273	1	0
300273	24	15
317744	1	16
321233	1	16
321233	162	16
321233	404	16
321233	669	16
321231	1	16
321232	1	16
321230	1	16
323328	1	16
323326	1	16
323327	1	16
315266	1	1
315268	1	1
315270	1	8
315264	1	8
315265	1	8
315267	1	8
315273	1	8
321973	1	16
321973	201	16
321973	420	16
321973	693	16
321973	997	16
321975	1	16
321975	81	16
321975	321	16
321975	336	16
315775	1	17
323794	1	16
323790	1	16
323790	137	16
323790	246	16
323790	267	16
323790	345	16
323790	644	16
323790	857	16
318733	1	16
318733	3	16
323471	1	16
323471	116	16
323475	1	16
323472	1	16
323472	2	16
323472	41	16
323470	1	16
323470	46	16
323470	76	16
323470	202	16
323474	1	16
323474	325	16
323473	1	16
323473	204	16
301476	1	8
301476	239	5
301476	787	3
301480	1	0
301480	8	3
301472	1	0
301472	34	11
301472	489	8
301475	1	8
301473	1	1
301474	1	1
302328	1	0
302328	41	9
302328	514	6
323418	1	16
323416	1	16
323416	19	16
323423	1	16
323422	None	1
323414	1	16
323414	17	16
323419	1	16
323421	1	16
323417	1	16
323413	1	16
323413	19	16
323413	20	16
323420	1	16
323415	1	16
298850	1	0
298850	28	0
305721	1	17
305721	7	17
305721	11	17
323641	1	16
300226	1	0
300226	38	15
300226	64	19
300226	154	15
304625	1	0
304625	49	24
304625	56	0
304625	65	24
304625	382	21
304626	1	21
321732	1	16
321732	107	16
321732	382	16
321732	693	16
321732	1054	16
321729	1	1
321728	1	16
321730	1	16
321730	196	16
321731	1	1
321735	1	16
321735	4	16
322714	1	16
322709	1	16
322715	1	1
322716	1	16
322713	1	16
320369	1	16
322484	1	16
322483	1	1
322485	1	1
322480	1	16
322480	78	16
322480	290	16
322492	1	16
322492	7	16
322492	300	16
322492	701	16
322487	1	16
321759	1	1
321759	5	1
321755	1	16
321755	63	16
321755	438	16
321755	539	16
321760	1	16
321760	3	16
321760	226	16
321758	1	16
321758	90	16
316749	None	1
316740	1	1
316757	1	1
316758	1	16
316758	267	16
316758	516	16
316758	781	16
316758	1089	16
316758	1602	16
316746	1	1
322510	1	16
298831	1	0
298831	24	24
298835	1	0
302551	1	1
302553	1	12
302555	1	12
302554	1	1
302552	1	1
302548	1	0
302548	40	14
302548	54	12
302549	None	1
302550	1	1
321818	1	16
321818	311	16
321820	1	16
321816	None	1
321815	1	16
321817	1	16
321817	199	16
321817	519	16
321819	1	1
321813	1	16
321813	213	16
324661	1	16
324645	1	16
325343	1	0
325343	25	16
325342	1	0
300742	1	0
300742	56	15
322204	1	16
322204	14	16
322204	220	16
322204	473	16
322204	767	16
322204	1120	16
322201	1	16
322222	1	16
305744	1	17
305744	7	0
305947	1	17
305947	10	0
305947	26	0
305947	33	0
305947	38	0
305947	46	0
305947	53	0
317930	1	16
319068	1	1
320328	1	16
321149	1	16
321149	269	16
321149	478	16
321149	741	16
321149	1056	16
321149	1527	16
321917	1	16
321917	179	16
321917	407	16
321917	637	16
321919	1	16
320040	1	16
320040	48	16
320040	401	16
320038	1	16
320038	291	16
320038	495	16
320039	1	16
321796	1	1
321794	1	16
321795	1	1
324293	1	16
324293	161	16
324293	341	16
324293	611	16
324293	889	16
324293	1332	16
324293	2006	16
318070	1	1
321674	1	16
316440	1	1
316441	1	1
316442	1	1
319606	1	0
319606	14	16
319606	18	16
319606	22	16
319606	27	16
319606	30	16
319606	34	16
319606	37	16
319606	41	16
319606	45	16
319606	48	16
319606	50	16
315689	1	17
315687	1	17
315687	7	17
315688	1	1
315690	1	17
316839	1	16
316839	18	16
316839	23	16
316799	1	0
316797	1	16
316798	1	16
316808	1	16
316808	24	16
316808	26	16
319623	1	0
319623	7	16
319625	1	0
319625	7	16
322704	1	1
322705	1	1
322707	1	16
304672	1	12
304671	1	0
304671	41	24
304671	360	21
304671	362	24
304671	434	21
304671	544	19
304671	612	17
304671	679	14
304671	783	12
316061	1	16
316061	112	16
316062	1	16
316059	1	16
316059	54	16
316059	60	16
316060	1	16
316060	219	16
316058	1	16
316058	36	16
320561	1	16
320553	1	1
320555	1	1
320555	3	1
319833	1	16
320654	1	16
301941	1	0
301941	11	17
301941	32	8
319347	1	16
319347	114	16
319347	274	16
319347	487	16
319348	1	16
319349	1	16
319349	21	16
319349	44	16
316271	1	16
323558	1	16
323560	1	16
316944	1	16
316944	6	16
316944	172	16
316944	175	16
316944	214	16
316944	229	16
316944	288	16
316944	544	16
316944	831	16
316944	1205	16
320888	1	16
320887	1	16
320887	283	16
322702	1	16
322701	1	1
305898	1	17
305898	66	0
305898	68	17
305898	647	15
305898	747	14
324970	1	16
324970	181	16
324970	359	16
324970	461	16
324970	745	16
324970	1174	16
324970	1934	16
324967	1	0
324967	6	1
299478	1	15
299479	1	15
299479	100	13
299477	1	0
299477	39	15
299481	1	11
299481	416	8
299481	676	5
299481	691	3
299480	1	13
299480	389	11
318016	1	16
322106	1	16
322106	327	16
322106	497	16
322106	773	16
306096	1	17
306096	22	8
306095	1	11
306095	25	8
306092	1	15
306092	56	14
306092	182	13
306092	275	13
306092	433	11
306093	1	11
306091	1	17
306091	3	0
306091	45	0
306091	422	17
306091	437	17
306091	565	15
306094	1	1
322332	1	16
322332	211	16
322332	419	16
322332	639	16
322332	942	16
322407	1	16
322407	90	16
322407	214	16
315801	1	17
315800	1	17
316590	1	16
316590	262	16
316590	474	16
319337	1	16
319337	47	16
319337	92	16
319337	694	16
298998	1	1
298997	1	5
298997	4	24
298997	38	0
299000	1	0
299000	4	5
298996	1	0
298996	28	5
301094	1	0
302019	1	0
302019	33	11
306455	1	1
306456	1	17
306456	484	14
306456	625	13
306459	1	13
306459	5	11
306459	357	8
306459	952	6
306459	2020	3
306457	1	13
306454	1	17
306458	1	13
306458	12	11
306458	40	13
306460	1	3
317383	1	16
317382	1	16
317554	1	1
317553	1	1
325057	1	0
325057	22	16
325057	181	16
325057	368	16
317463	1	16
320321	1	16
317080	1	16
322068	1	16
322068	270	16
322068	499	16
322068	723	16
316897	1	16
316900	1	16
316985	1	16
316985	263	16
316984	1	1
322322	1	16
322322	194	16
322322	432	16
322322	723	16
322322	1085	16
322322	1121	16
322322	1181	16
322319	1	16
322319	36	16
322319	82	16
322319	146	16
322324	1	16
322317	1	16
322323	1	1
324877	1	0
324857	1	0
324878	1	0
324878	14	16
324878	107	16
324878	190	16
324878	474	16
324878	778	16
324878	1063	16
324863	1	0
304157	1	1
304158	1	0
304158	163	17
304158	226	14
304158	459	12
304158	708	9
304158	930	6
304158	1144	12
304158	1221	9
304158	2012	6
304156	1	1
305364	1	0
305364	45	24
305365	1	24
305365	443	21
305365	444	24
305365	462	21
305365	569	19
305365	651	17
305365	723	14
305366	1	14
305366	73	12
305366	590	9
305366	1058	6
317475	1	16
317475	91	16
317475	113	16
317479	1	16
317488	1	16
317488	228	16
317488	708	16
317478	1	16
317484	1	16
317484	145	16
317484	424	16
317480	1	16
317482	1	16
317481	1	16
323696	1	16
323696	206	16
323700	1	16
323700	262	16
323702	1	16
323702	185	16
323697	1	1
323693	1	16
323693	110	16
323698	1	1
323699	1	16
323699	69	16
323701	1	1
323692	1	1
318944	1	1
318944	3	0
319310	1	16
323344	1	16
323347	1	16
323349	1	16
323345	1	16
323348	1	16
324420	1	16
324420	4	16
324420	268	16
324420	527	16
324998	1	16
324998	133	16
325000	1	16
325000	261	16
325001	1	16
325001	343	16
324999	1	16
324999	6	16
324997	1	0
324997	29	16
324997	116	16
315357	1	8
315357	2	11
318015	1	16
321415	1	16
321415	384	16
321414	1	16
321414	386	16
321414	627	16
321414	875	16
321414	1240	16
322752	1	16
323980	1	16
323980	8	16
323980	194	16
323983	1	16
323983	139	16
323978	1	16
323976	1	16
323975	None	1
323997	1	16
323997	310	16
299450	1	0
299450	38	15
324237	1	16
324237	174	16
306005	1	17
306005	3	0
305406	1	17
305406	29	15
305406	126	14
305406	238	13
305406	370	13
305406	522	11
305406	1020	8
305406	1462	6
305405	1	17
305405	491	15
305405	544	17
305405	549	17
305766	1	0
305766	54	17
305766	629	15
305766	717	14
305766	829	13
305398	1	17
305398	2	0
305388	1	0
305388	15	17
305388	18	17
305388	21	15
305388	22	3
305388	23	15
305388	26	14
305388	32	13
305388	35	13
305388	37	11
305388	39	8
305388	42	6
305388	45	3
305388	49	3
305388	55	15
317626	1	16
317626	314	16
317626	563	16
317626	846	16
317626	1132	16
317626	1650	16
324846	1	16
324846	261	16
324841	1	16
324841	123	16
324841	450	16
324841	897	16
324840	1	16
324840	9	16
324835	1	16
324835	156	16
316151	1	1
316153	1	16
316153	158	16
316153	392	16
316153	407	16
316153	475	16
316153	684	16
316150	1	1
316149	1	1
317292	1	16
317292	25	16
317292	325	16
317292	336	16
317292	337	16
317292	342	16
317296	1	16
317296	6	16
317295	1	16
317295	4	16
317297	1	16
317297	4	16
317297	357	16
317291	1	16
317291	250	16
317291	540	16
325200	1	0
325200	3	16
325203	1	16
325204	1	16
325202	1	0
325202	8	16
325199	1	0
325199	10	16
301674	1	0
302159	1	0
302159	33	9
302262	1	0
302262	13	3
302262	28	9
302262	33	12
302262	271	9
302263	1	9
302263	530	6
305790	1	1
318018	1	16
319486	1	16
319503	1	16
319503	10	16
319503	261	16
321009	1	16
321009	44	16
321004	1	16
321004	66	16
321004	165	16
321010	1	16
321007	1	16
321007	102	16
321007	433	16
321011	1	16
321012	1	16
321005	1	16
321006	1	16
317709	1	16
320023	1	16
320023	162	16
320025	1	16
320026	1	16
320026	157	16
320022	1	16
320024	1	16
320024	93	16
320024	373	16
322012	1	16
322013	1	16
322014	1	16
302165	1	6
302163	1	0
302163	31	9
302163	456	6
302166	1	6
302322	1	0
302322	27	6
302322	31	9
302322	116	6
315721	1	17
323336	1	16
317527	1	16
317527	395	16
317527	609	16
317527	1043	16
317527	1453	16
319856	1	16
317339	1	16
317340	1	16
317340	39	16
317340	277	16
317338	1	16
324764	1	16
324747	1	16
324747	103	16
324747	106	16
324747	205	16
324747	364	16
324747	563	16
324747	858	16
324765	1	16
324765	42	16
324772	1	16
324769	1	16
324769	244	16
301627	1	0
301627	43	11
301627	45	11
301627	62	8
301627	82	11
301627	264	8
316363	1	16
316363	49	16
316361	1	16
316361	53	16
316362	1	16
316362	7	16
316362	238	16
316360	1	16
316360	23	16
316360	26	16
316360	29	16
316360	33	16
316577	1	16
316577	4	0
316577	10	16
316577	13	16
316577	16	16
316577	20	16
316577	23	16
316577	27	16
316577	31	16
316577	35	16
316577	40	16
316577	44	16
317949	1	16
304153	1	1
304190	1	0
304185	1	21
304185	10	24
304185	13	19
304185	18	17
304185	22	14
304185	25	12
304185	27	9
304185	31	6
304185	33	3
304189	1	0
304189	2	21
304189	8	19
304189	14	17
304189	18	14
304189	20	12
304189	22	9
304189	24	6
304204	1	0
304204	47	21
304204	59	17
304204	61	21
304204	79	24
304204	105	21
304204	259	19
304204	262	17
304204	365	14
305809	1	17
301172	1	0
315533	1	17
315533	9	17
321988	1	16
321988	213	16
321988	463	16
321988	704	16
321988	1023	16
321988	1393	16
321990	1	16
315741	1	17
300087	1	0
300087	35	5
300087	49	3
321949	1	16
315770	1	17
321959	1	16
321960	1	16
321961	1	16
321961	185	16
321958	None	1
300501	1	1
300500	1	19
300497	1	0
300497	25	17
300497	50	19
300498	1	19
300499	1	1
304616	1	0
304616	48	24
304616	287	21
304616	461	19
304616	501	17
304616	580	14
304616	720	12
319950	1	16
320399	1	16
320398	1	16
320397	1	1
320400	1	1
320808	1	1
320809	1	16
320809	698	16
320807	1	1
320804	1	16
320804	52	16
320804	249	16
320804	456	16
320804	465	16
320804	512	16
320804	820	16
320804	1239	16
321775	1	16
321776	1	16
321774	1	16
321774	78	16
321781	1	16
321781	662	16
321777	1	16
321777	89	16
321778	1	16
321778	58	16
321780	1	16
321780	177	16
321780	508	16
321773	1	0
321773	3	16
306030	1	17
306029	1	0
306029	3	0
306029	10	0
306029	17	0
306029	24	0
306029	30	0
306029	35	0
306029	41	0
306029	47	0
306029	58	0
306029	62	17
306029	73	17
316766	1	16
316766	363	16
316766	588	16
316766	871	16
316766	1267	16
316766	1897	16
299496	1	0
305516	1	0
305516	27	17
305516	42	17
305516	64	17
305516	232	15
305516	557	17
305516	611	15
305518	1	13
305518	129	13
305518	328	11
305518	837	8
305515	1	1
305517	1	15
305517	37	14
320195	1	16
320840	1	16
320840	76	16
320840	349	16
320841	1	16
320841	194	16
320838	1	16
320838	146	16
320839	1	1
320004	1	1
320009	1	16
320006	1	16
320006	17	16
320006	201	16
320002	1	16
320005	1	1
320010	1	16
320010	4	16
320010	86	16
320008	1	16
320008	4	16
320008	5	16
320011	1	16
320007	1	16
320007	128	16
320012	1	16
320012	13	16
320003	1	1
316379	1	16
316378	1	16
316376	1	1
316380	1	16
316380	57	16
316380	319	16
316380	391	16
316380	607	16
316380	1002	16
316377	1	16
320097	1	16
320128	1	16
317648	1	16
317649	1	16
317649	41	16
317649	239	16
317649	541	16
317650	1	16
317650	197	16
317650	751	16
321665	1	16
321652	1	16
321652	3	0
321652	11	16
321652	12	16
321652	14	16
321652	16	16
321652	18	16
321652	21	16
321652	23	16
321652	25	16
321652	28	16
321652	32	16
321652	34	16
321652	37	16
321652	41	16
321652	44	16
321653	1	16
321653	4	0
321653	11	16
321653	13	16
321653	16	16
321653	18	16
321653	21	16
321653	23	16
321653	25	16
321653	28	16
321653	31	16
321653	33	16
321653	36	16
321653	39	16
321653	43	16
321653	46	16
