254790	1	800
254790	3	20
254833	1	800
254833	126	25
254833	317	20
254879	1	800
254879	33	20
254905	1	800
254905	39	25
254906	1	25
254913	1	800
254914	6	800
256674	1	50
257461	1	800
257461	35	50
257461	38	100
257461	69	50
257804	1	25
257804	6	50
257816	1	50
258159	1	50
258312	1	50
258313	1	50
258319	1	50
259464	1	5
259453	1	5
259456	1	5
259457	1	5
259458	1	5
260627	1	1600
260627	4	200
260627	108	600
260627	128	200
260627	213	600
260627	575	200
253946	1	5
253952	1	5
254229	6	800
254380	8	4000
254380	9	50
254415	1	100000
254416	1	262139
254416	40	3750
254608	1	5000
254608	515	3750
254608	656	2500
257612	1	50
257613	1	50
260478	1	200
272612	1	0
272617	1	0
272674	1	0
272674	21	1
272761	1	1
251161	1	0
251167	1	100
251252	1	100
251493	1	0
251493	6	100
251499	1	100
251521	1	100
251548	1	0
251548	28	100
254280	1	1
254283	5	4000
254283	9	5
254284	43	5
254437	1	200000
254437	4	262139
254437	54	2500
254437	65	3750
254450	1	3750
254458	1	3750
256730	1	50
257487	1	800
257487	13	50
257821	1	50
257968	1	800
257968	7	50
257968	11	800
257968	12	50
258129	1	800
258129	17	50
258152	1	800
258155	1	800
258155	14	50
258156	1	50
258157	1	50
258210	1	400
258213	1	800
258213	12	50
258287	1	50
258434	1	50
258432	1	50
258440	1	50
258442	1	50
258443	1	50
258444	1	50
258446	1	50
258448	1	50
258656	1	100
258656	70	50
258690	1	100
259721	1	25
272760	1	0
272760	11	1
272774	1	0
272774	10	1
272771	1	0
272771	4	1
272775	1	1
272775	119	1
272775	125	1
272776	1	1
272776	37	1
272776	48	1
272829	1	4
272828	1	5
272828	50	4
272827	1	0
272827	12	5
256925	1	100
256926	1	100
256926	41	50
260571	1	200
260568	None	1
260572	1	200
260576	1	200
260577	1	200
260570	1	200
260575	1	200
272922	1	0
272922	19	1
272924	1	1
272927	1	1
272927	11	1
272927	64	1
272929	None	1
272930	1	5
272930	17	1
272930	156	0
272930	160	1
272921	1	0
272923	1	1
272925	None	1
272926	1	1
272936	1	5
272935	1	0
272935	5	5
272935	30	0
272935	66	5
273017	1	0
273017	11	5
273063	1	5
273012	1	0
273012	5	0
273013	1	5
273136	1	0
273136	4	5
251163	1	100
251562	1	100
251604	1	0
251604	16	100
251633	5	65537
251635	31	65537
256865	1	50
256866	1	50
256867	1	50
256867	26	25
256867	55	50
256867	56	25
256868	1	25
256868	382	50
256869	1	50
256924	1	800
256924	11	100
257682	1	50
257682	75	25
257751	1	50
258174	1	800
258174	22	50
258174	161	400
258175	1	50
258177	1	50
258211	1	800
258214	1	50
258215	1	50
258282	1	800
272907	1	0
272907	12	1
272908	1	0
272908	5	1
273006	1	0
273006	4	0
273138	1	5
273150	1	0
273150	4	5
273150	40	1
273143	1	1
273145	1	1
273142	None	1
273146	1	5
273158	1	1
273158	17	5
273158	32	1
273276	1	0
253887	43	5
254279	1	800
254279	5	1
254279	9	800
254279	10	1
256842	1	800
256842	6	50
258742	1	100
258749	1	100
258750	1	100
258959	1	800
258959	12	50
272681	1	0
272681	11	2
272682	1	0
272680	1	1
272680	13	5
272728	1	0
272728	58	0
272728	104	1
272729	1	1
272746	1	0
272747	1	0
272748	1	0
272748	9	1
272750	1	1
272762	1	1
272786	1	1
272787	1	1
272782	1	0
272782	48	1
272785	1	1
272784	1	1
272783	1	1
272798	1	2
272798	90	1
272791	1	0
272791	21	1
272809	1	0
272814	1	0
272818	1	4
272807	1	0
272812	1	5
272816	1	4
272811	1	5
272815	1	0
272815	6	4
254282	6	4000
254282	9	5
254289	1	25
256935	1	800
256935	2	50
256936	1	50
256941	1	50
257024	1	800
257398	1	50
257399	1	50
257460	1	800
257490	1	50
257529	1	800
257529	4	50
257529	11	800
257529	12	50
257598	1	50
257599	2	50
258335	1	50
258403	1	800
258403	9	50
258403	18	800
258403	19	50
258423	1	50
258425	1	50
258427	1	50
258428	1	50
258703	1	100
258703	262	50
260583	1	1600
260583	3	200
254230	1	400
254230	21	1
254232	1	1
256629	1	50
256630	1	50
256672	1	800
256672	7	50
256673	1	50
251522	1	100
251523	1	50
251559	1	0
251559	65	50
251560	1	100
251561	1	100
251612	1	0
251612	11	100
251636	1	65537
251640	1	50
254293	1	25
254294	1	25
254308	1	5
254310	1	5
254362	1	50
257027	1	50
257397	1	50
257400	1	50
257824	1	50
258310	1	400
272023	1	0
251121	1	65537
253947	1	5
253948	1	5
253950	1	5
253954	1	800
253954	6	1
254226	18	1
254290	1	25
254292	1	25
254306	1	4000
254306	7	5
254306	10	4000
254306	11	5
254307	1	5
257805	1	50
259636	1	800
259636	2	100
259636	6	800
259636	7	100
259636	51	50
259637	1	800
259637	4	50
259686	1	50
259683	1	100
259685	1	100
259685	400	50
259682	1	100
259681	1	800
259681	5	100
260533	1	100
260534	1	100
260538	1	100
260532	1	200
260532	686	100
260510	1	262139
260510	19	1600
260528	1	1600
260540	1	100
260536	1	100
260507	1	262139
260541	1	100
260527	1	1600
260593	1	1600
260593	3	200
260593	7	1600
260593	8	200
260727	1	1600
260722	None	1
260723	None	1
251637	1	65537
251638	1	0
251638	6	100
251638	8	0
251638	9	100
251643	1	100
251721	1	100
251721	3	100
251721	90	100
251721	98	100
251864	1	30
251864	20	30
252126	5	60
252126	6	60
252126	31	490
253886	8	2000
253886	11	5
253888	76	5
253890	104	5
253890	161	25
253890	204	50
253890	240	75
253890	253	5
253943	1	4000
254368	1	50
254453	1	3750
254530	1	200000
254530	4	5000
254530	6	200000
254530	7	5000
254532	1	5000
254852	1	800
254852	55	20
259626	1	800
259626	98	25
259811	1	50
259820	1	50
259820	16	100
259820	18	50
259820	19	100
259820	87	50
259818	1	50
259821	1	50
259810	1	100
259810	112	50
259810	227	100
259812	1	50
259813	1	50
259809	1	100
259817	1	50
259822	1	50
259822	75	100
259822	232	50
259822	233	100
251164	7	100
251251	1	100
251251	2	100
253944	1	4000
253944	10	5
254231	1	1
254607	1	200000
254607	6	5000
256734	1	50
256843	1	50
257645	1	50
257825	1	50
258125	1	800
258692	1	100
258694	1	100
258705	1	50
258706	1	50
258712	1	50
258713	1	50
258714	1	50
258741	1	100
259884	1	800
259884	11	50
259884	41	100
259884	82	50
259884	115	100
259891	1	50
259890	1	100
259890	23	50
251781	1	100
251781	16	100
252102	1	60
252102	3	490
252116	1	490
252116	34	1470
252116	43	524278
252116	91	490
254459	1	3750
254512	1	5000
256727	1	50
256796	1	400
256798	1	50
257025	1	400
258445	1	50
258655	1	800
258655	6	50
258655	10	100
258702	1	100
251642	1	100
251883	1	60
251883	6	60
251883	70	60
253951	5	5
254227	1	1
254285	65	5
254285	296	25
254316	127	5
254319	53	5
254331	6	2000
254332	12	4000
254332	14	262139
254332	73	5
254341	1	50
254342	1	50
254349	6	262139
254349	44	50
254367	1	50
254451	1	3750
254454	1	3750
254455	1	3750
254456	1	3750
254457	1	3750
254511	1	200000
254511	7	5000
254907	1	25
256677	1	50
256728	1	50
256729	1	50
256733	1	50
257393	1	50
257395	1	50
257396	1	50
257531	1	50
257611	1	50
257614	1	50
257644	1	50
257732	2	25
257748	1	50
257818	1	50
257969	1	50
258126	1	400
258136	1	50
258311	1	50
258745	1	100
260373	1	50
260371	1	400
260366	1	1600
251496	1	100
251496	227	100
251496	243	100
251497	1	100
251498	1	100
251500	1	100
257721	1	800
257721	23	25
257722	1	25
257723	1	25
257735	1	800
257735	3	25
257735	4	800
257735	5	25
257750	1	50
257819	1	50
257822	1	50
259857	1	800
259857	3	100
259861	1	100
259862	1	100
259862	271	50
259859	1	100
251162	32	0
251162	46	100
251162	52	50
251168	1	100
251244	1	0
251244	8	100
251491	1	0
251716	1	100
254309	1	5
254313	10	5
254314	42	5
254315	72	5
254317	1	5
254318	24	5
254340	1	4000
254340	7	5
254340	13	262139
254340	42	50
256675	1	50
256676	1	50
256725	1	800
256725	3	50
256801	1	50
257026	1	400
257394	1	50
257823	1	50
258158	1	50
258320	1	50
258334	1	400
258426	1	50
260426	1	200
260427	1	200
260427	58	100
260439	1	100
260425	1	200
260424	1	200
260422	1	200
260433	1	100
260431	1	100
260423	1	200
260608	None	1
273408	1	1
273408	4	1
273410	1	10
273402	1	0
273402	10	1
273402	46	2
273402	59	1
273402	79	1
273402	190	1
273402	255	2
273403	1	10
273405	1	10
273407	None	1
273409	1	10
273412	1	10
273406	1	10
273411	1	10
273404	1	10
273554	1	0
273554	63	500
273555	1	500
273730	1	250
273730	287	125
273730	295	250
273730	1491	125
273725	1	0
273725	7	250
273725	109	500
273725	1224	250
273728	1	250
274317	1	200
274315	1	1000
274319	1	1000
274314	1	1000
274316	1	1000
274318	1	1000
274373	1	1000
274421	1	1000
274422	1	1000
274422	363	750
274422	1159	500
274422	1734	250
274420	1	1000
274958	1	250
274959	1	250
274953	1	1000
274953	11	250
274954	1	1000
274954	31	250
274955	1	250
274957	1	1000
274957	4	250
274957	11	0
274957	14	250
275832	1	2000
275832	202	1500
275846	1	150
275834	1	1500
275834	170	1000
275835	1	1000
275841	1	750
275837	1	750
275828	1	2000
275836	1	1000
275836	769	750
275829	1	2000
275831	1	2000
275833	1	1500
275838	1	750
275847	1	750
275847	671	500
274249	1	1000
274251	1	1000
274251	273	750
274250	1	1000
274278	1	1000
274334	1	0
274334	5	1000
274336	1	1000
274344	1	0
274344	6	750
274344	35	500
274344	398	250
274335	1	1000
274339	1	750
274345	1	250
274337	1	1000
274338	1	1000
274338	38	750
274382	1	1000
274889	1	1000
274917	1	1000
274909	1	1000
274904	1	1000
274895	1	1000
274888	1	200
274913	1	1000
274905	1	1000
274894	1	1000
274999	1	1000
274999	218	750
274998	1	1500
274998	61	1000
275000	1	750
275001	1	750
275001	1086	500
275021	1	1000
275030	1	1000
275035	1	1000
275034	1	1000
275062	1	400
275059	1	1000
275059	67	1500
275059	89	2000
275068	1	1000
275068	826	750
275064	1	1500
275074	1	750
275067	1	1500
275067	288	1000
275073	1	1000
275073	8	750
275063	1	400
275063	10	300
275066	1	1500
275134	1	1000
275865	1	2000
275865	42	1500
273394	None	1
273502	1	0
273502	15	250
273503	1	250
273504	1	0
273523	1	5
273514	1	5
273514	21	5
273526	1	5
273526	8	5
273537	1	5
274102	1	1
274104	1	5
274104	36	5
274103	1	1
274106	1	5
274107	1	1
274108	1	5
274105	1	5
275124	1	1000
275124	85	1500
275124	309	1000
275125	1	1000
275125	757	750
275337	1	1000
275319	1	1000
275319	142	1500
275319	280	1000
275326	1	1000
275338	1	1000
275338	256	750
275370	1	1000
275370	65	1500
275371	1	1500
275371	36	1000
275752	1	400
275767	1	300
275757	1	2000
275763	1	2000
275774	1	1500
275774	232	1000
275765	1	300
275773	1	300
275772	1	1500
275777	1	1000
275768	1	1500
275776	1	1000
275778	1	1000
275782	1	2000
275782	4	750
275759	1	400
275761	1	2000
275769	1	1500
273424	1	0
273424	6	125
273425	1	0
273425	8	50
273425	54	125
273425	61	50
273426	1	50
273589	1	5
273592	1	5
273590	1	5
274748	1	0
274799	1	0
274733	1	0
274656	None	1
274806	1	1000
274806	11	250
274806	14	5
275310	1	750
275310	1932	500
275308	1	1000
275309	1	1000
275309	380	750
273286	1	0
273295	1	1
273301	1	1
273302	1	1
273290	1	0
273290	4	1
273290	13	5
273291	1	5
273292	1	5
273296	1	5
273296	14	1
273287	1	0
273287	44	1
273294	None	1
273299	1	1
273443	1	0
273443	25	500
273440	1	0
273440	5	0
273447	1	500
273446	1	500
273450	1	250
273433	1	5
273442	1	0
273442	5	0
273445	1	100
273432	None	1
273449	1	0
273449	7	250
273429	1	5
273444	None	1
273448	1	500
273448	379	250
273492	1	0
273492	30	1000
273492	41	1
273492	55	250
273493	1	0
273493	4	250
273494	1	250
274083	1	1
274081	1	1
274303	1	1000
274877	1	1000
274877	5	0
274877	69	1
274945	1	250
274943	1	250
274982	1	200
274985	1	200
274983	1	200
274990	1	1000
274990	4	1500
274990	15	1000
275045	1	200
275046	1	200
275260	1	200
275189	1	1000
275234	1	1000
275284	1	1000
275285	None	1
275283	1	1000
275291	1	1000
275291	278	750
275282	1	1500
275282	141	1000
275290	1	1000
275292	1	750
275286	1	1000
275289	1	1000
275293	1	750
275311	1	500
275375	1	1000
275375	81	1500
275375	250	1000
275375	1181	750
275376	1	750
275376	1971	500
275376	3014	250
274094	1	250
274172	1	0
274172	7	1000
274172	55	750
274169	1	200
274171	1	0
274170	1	0
274170	7	200
274197	1	0
274197	4	750
274200	1	0
274200	5	750
274200	74	500
274198	1	750
274198	115	1000
274199	1	1000
274199	14	750
274236	1	0
274236	8	1000
274243	1	0
274240	1	1000
274239	1	1000
274244	1	0
274244	15	500
274244	152	250
274241	1	1000
274241	442	750
274241	853	500
274968	1	1000
274968	8	2000
274968	270	1000
274968	277	2000
274968	314	1000
274971	1	750
274970	1	750
274966	1	1000
274966	32	250
274966	61	1000
274967	1	1000
274969	1	1000
274969	115	750
275451	1	200
275420	1	1000
275588	1	1000
275588	3	750
275601	1	1000
275603	1	1000
275674	1	1500
275764	1	2000
275764	19	1500
275766	1	1500
275781	1	2000
275781	4	1000
275781	15	750
275783	1	750
275783	1256	500
275758	1	400
275760	1	400
273373	1	0
273373	11	1
273385	1	0
273385	7	0
273383	None	1
273386	1	0
273386	4	0
274080	1	1
274079	1	0
274079	8	1
274125	1	0
274161	1	500
274159	1	500
274157	1	0
274157	20	1000
274157	355	0
274157	359	750
274157	484	500
274160	1	500
274282	1	1000
274284	1	1000
274283	1	1000
274285	1	200
274286	1	1000
274440	1	1000
274441	1	1000
274441	333	750
274443	1	750
274442	1	750
274868	1	1000
274861	1	1000
274880	1	1
275476	1	1000
275658	1	1500
275658	211	1000
275658	232	1500
275656	1	1000
275656	113	1500
275657	1	1500
275657	9	2000
275657	49	1500
275659	1	1500
274087	1	1
274088	1	1
274142	1	500
274147	1	100
274146	1	0
274146	4	500
274387	1	1000
274388	1	1000
274388	756	750
274388	1755	500
274981	1	200
274980	1	200
275344	1	1000
275344	77	1500
275345	1	1000
163481	1	150
163737	1	300
163737	3	200
163758	1	200
163759	1	200
163759	182	150
175832	1	3000
175832	35	1200
175832	81	300
175860	1	600
178100	1	6000
178101	1	6000
178365	1	9000
178365	209	7200
178365	610	6000
178367	1	6000
194076	1	1760
194076	564	1760
195947	1	0
195947	3	1800
195948	1	1800
196351	1	1800
196351	37	2100
196351	50	1800
196364	1	1800
196364	815	1760
200229	1	1800
200229	85	1800
202973	1	1200
202973	1312	1200
205777	1	1200
206605	1	1200
208352	1	1200
208395	1	1200
276453	1	2000
276453	42	750
276454	1	2000
276454	8	750
276457	1	750
276437	1	2000
276437	240	1500
276437	762	1000
276437	1882	750
276458	1	750
276458	233	500
276455	1	750
276456	1	750
278308	1	2000
278308	325	1800
278308	986	1440
278308	1330	1200
278310	1	1200
278310	674	900
278309	1	1200
279716	1	1800
279716	30	1440
279716	353	1200
279716	1271	900
279715	1	2520
279715	197	2000
279715	531	1800
280239	1	420
280235	1	420
280236	1	420
280238	1	420
280241	1	2520
280249	1	1800
280249	58	1440
280249	406	1200
280249	1268	900
280233	1	420
280240	1	420
280242	1	2520
280242	10	2580
280242	86	2520
280242	242	2000
280242	510	1800
280251	1	900
280234	1	420
281565	1	2520
281624	1	2520
281626	1	2520
281632	1	2520
281639	1	2520
281639	23	2000
281639	32	2520
281639	111	2000
281641	1	2520
281641	3	2000
281641	24	1800
281641	33	1440
281641	36	1800
281641	139	1440
281636	1	2520
281636	5	1800
281637	1	300
281638	1	1800
281638	18	2000
281638	21	2520
281674	1	3010
281674	11	2580
281674	15	3010
281689	1	430
281671	1	430
281693	1	2580
281693	11	2520
281693	194	2000
281693	420	1800
281693	615	1440
281693	900	1200
281693	1721	900
281685	1	430
281658	1	430
281686	1	2580
281663	1	3010
281663	116	2580
281663	121	3010
281662	1	3010
281691	1	2580
281680	1	3010
281680	9	2580
281659	1	430
281727	1	1200
281727	526	900
281727	1529	600
281726	1	1440
281726	42	1200
281707	1	3010
281707	99	2580
281707	102	3010
281707	151	2580
281707	156	3010
281707	193	2580
281707	322	2520
281707	475	2000
281707	684	1800
281707	873	1440
163234	1	40
167784	1	380
170826	1	500
170826	48	380
204100	1	2100
204100	144	300
204545	1	1200
204545	94	1200
205667	1	1200
205667	202	1200
207328	1	0
207889	1	1200
207889	33	1200
276586	1	1000
276586	24	750
276581	1	2000
276581	330	1500
276582	1	1500
276582	443	1000
276583	1	1000
276584	1	200
276585	1	1000
276587	1	750
276835	1	100
276837	1	500
276831	1	2000
276831	125	1500
276831	665	1000
276831	1485	750
276834	1	750
276834	411	500
276824	1	2000
276832	1	2000
276832	6	750
276836	1	500
276830	1	400
279080	1	2520
279080	80	600
279588	1	2520
279588	206	2000
279588	208	2520
279588	281	2000
279588	464	1800
279588	706	1440
279588	990	1200
281588	1	2520
281588	17	600
281589	1	420
281731	1	3010
281797	1	3010
281797	185	2580
281797	386	2520
281797	564	2000
281797	776	1800
281797	984	1440
281797	1211	1200
281797	2169	900
281824	1	430
281885	1	3010
281964	1	430
281976	1	2520
281976	203	2000
281976	311	1800
281976	531	1440
281976	710	1200
281976	1077	900
281976	1111	600
281976	1119	900
281976	1242	1200
281976	1362	900
281976	2058	600
281975	1	3010
281975	27	2580
281975	166	2520
281974	1	3010
281974	16	2520
162824	1	40
163235	1	40
163238	1	40
163254	1	60
163255	1	60
163261	1	60
163270	1	150
178380	1	6000
178420	1	9000
178420	5	6000
178420	47	9000
178420	54	6000
178479	1	11400
178479	3	6000
178479	68	9000
178479	189	120
178479	637	100
190662	1	600
191202	1	1200
193334	1	2400
193917	1	1760
195014	1	1800
195015	1	1800
195749	1	1680
200091	1	0
200091	2	1800
200091	701	1800
206207	1	0
206207	3	2100
206207	148	1200
206550	1	2100
206550	76	1200
207316	1	1200
276326	1	200
276318	1	1500
276318	350	1000
276317	1	1500
276327	1	2000
276327	56	1000
276315	1	2000
276315	126	1500
276870	1	2580
276870	78	2100
276870	137	2000
276870	488	1500
276870	1040	1000
276870	1803	750
276864	1	2580
276935	1	2580
276935	81	2100
276935	265	2000
276935	483	1500
276935	496	2000
276935	604	1500
278273	1	2520
278273	67	2000
278273	84	1800
278274	1	1800
281010	1	2520
281117	1	2520
281117	10	36
281393	1	2520
281393	8	36
281419	1	2520
281419	8	36
281439	1	36
281382	1	2520
281382	6	36
281443	1	36
281454	1	2520
281454	3	36
281398	1	2520
281398	4	36
281403	1	2520
281403	11	36
282033	1	3850
282033	81	2580
282033	111	2580
282033	115	2520
282034	1	2520
282035	1	2520
282035	12	2000
282035	34	1800
282037	1	2520
282037	15	2000
282037	67	2520
282037	203	2000
282037	426	1800
282037	645	1440
282037	865	1200
282037	1490	900
282036	1	420
163765	1	150
163793	1	200
194314	1	1760
195644	1	1800
205627	1	1200
205627	123	1200
276659	1	2000
276659	3	750
276655	1	1000
276655	828	750
276653	1	2000
276653	74	1500
276653	541	1000
276886	1	430
276922	1	2580
276923	1	2580
277096	1	2000
277096	8	1500
277096	556	1000
277096	1319	750
277093	1	2580
277093	60	2100
277094	1	2100
277094	253	2000
277112	1	2580
277112	38	750
277305	1	2580
277305	116	2100
277305	319	2000
277305	681	1500
279298	1	2520
279296	1	420
279289	1	2520
279297	1	2520
280186	1	2520
280194	1	2520
280194	14	1200
280191	1	2000
280191	205	1800
280191	406	1440
280191	728	1200
280187	1	2520
280187	16	2580
280190	1	400
280188	1	2580
280188	66	2520
280188	219	2000
280182	1	420
280181	1	420
280192	1	420
280193	1	200
280185	None	1
280189	1	400
282092	1	3850
282092	4	3010
282092	96	2580
282092	111	2580
282092	248	2520
282092	429	2000
282092	598	1800
282092	815	1440
282092	1074	1200
282092	1836	900
282175	1	3850
282175	10	2580
282194	1	3850
282190	1	3850
282181	1	3850
282184	1	3850
282188	1	550
161107	1	100
163479	1	150
163869	1	200
165088	1	35
165098	1	14000
165098	78	35
165163	1	14000
165205	1	175
165399	1	250
170307	1	190
170348	1	875
170348	6	380
170348	105	500
170348	113	380
170348	143	270
170354	1	270
170354	291	190
171106	1	500
171106	29	380
171117	1	380
171219	1	700
172791	1	1050
172791	68	700
172791	665	500
172799	1	500
172799	203	380
195913	1	1800
195930	1	1800
195930	150	1760
195936	1	80
196131	1	1800
196497	1	1800
198022	1	0
198022	73	30
198022	101	2100
198022	109	30
198022	113	6600
202205	1	2100
202205	93	1800
202207	1	300
202208	1	300
202209	1	1800
202237	1	2100
202237	102	1800
202237	986	1800
205310	1	2100
205310	75	1200
205718	1	2100
205718	168	1200
205718	703	1200
206088	1	2100
206088	93	1200
206102	1	2100
206102	60	1200
206102	64	2100
206102	83	1200
206188	1	1200
206868	1	1200
206869	1	1200
207885	1	1200
277125	1	2580
277127	1	2100
277127	13	2000
277127	356	1500
277127	855	1000
277126	1	2580
277126	31	2100
277580	1	430
277559	1	2580
277981	1	1000
277981	85	500
277992	1	250
277991	1	2580
277991	7	250
278239	1	2580
278239	79	2000
278239	381	1500
278240	1	1500
278240	65	1000
278240	778	750
278315	1	2000
278315	233	1800
278315	488	1440
278572	1	2520
278820	1	2520
278820	22	2000
278820	25	2520
278820	106	2000
278820	411	1800
278820	645	1440
278820	956	1200
278821	1	1200
278816	1	2520
160403	1	1
160404	1	1
160406	1	1
160871	1	20
162718	1	60
162739	1	60
163480	1	150
163482	1	150
163592	1	150
163593	1	150
163658	1	200
163755	1	1
163756	1	1
165402	1	250
167551	1	380
171315	1	700
173657	1	2400
173657	5	1500
173657	57	1200
173657	69	1500
173657	91	1200
173658	1	1200
173660	1	1200
173660	365	1
175877	1	1200
175881	1	1200
176933	1	6000
176933	82	4800
191419	1	2400
191419	36	30
193123	1	600
195099	1	1800
195110	1	1800
195112	1	1800
195113	1	1800
195647	1	1800
195748	1	240
198955	1	1800
198955	351	1800
199409	1	1800
199409	616	1800
200152	1	1800
200160	1	1800
200161	1	1800
200174	1	1800
200176	1	1800
200177	1	1800
200525	1	1800
200525	749	1800
200599	1	1800
200600	1	1800
200600	642	1800
201611	1	2100
201611	132	1800
202092	1	300
202301	1	1800
202303	1	1800
202305	1	1800
202314	1	2100
202314	190	1800
202328	1	2100
202328	136	1800
202331	1	300
202332	1	300
202333	1	1800
202389	1	2100
202389	127	1800
202389	211	0
202469	1	2100
202469	141	1800
202471	1	300
202472	1	1800
202476	1	300
202477	1	1800
202478	1	1800
202478	230	1800
202504	1	2100
202504	83	1800
202504	735	1800
202869	1	0
203833	1	1200
203834	1	1200
203835	1	1200
203835	318	1200
203853	1	2100
203853	122	1200
203894	1	2100
203894	86	1200
203894	485	1200
203909	1	0
203909	3	2100
203909	192	1200
203981	1	1200
203986	1	1200
204803	1	2100
205236	1	2100
205236	3	1200
205614	1	1200
205683	1	2100
205683	76	1200
206897	1	2100
206897	29	1200
206901	1	1200
206940	1	1200
206940	596	1200
207099	1	2100
207099	150	1200
207099	923	1200
207100	1	1200
207214	1	0
207214	14	2100
207214	151	1200
207217	1	1200
207222	1	1200
276525	1	2000
276525	89	1500
276525	620	1000
276525	1490	750
276527	1	750
276528	1	750
276528	328	500
276808	1	1500
276808	512	1000
276811	1	1000
276811	216	750
276811	2170	500
276807	1	2000
276807	158	1500
276810	1	1000
278072	1	2580
278167	1	2580
278167	86	1500
278167	431	1000
278167	1098	750
278175	1	2580
278175	4	750
278175	63	500
160405	1	1
160410	1	1
163069	1	60
163070	1	60
163338	1	150
163358	1	150
163372	1	150
163375	1	90
163376	1	90
163378	1	90
163387	1	150
163483	1	150
163584	1	200
163585	1	200
163586	1	200
163591	1	200
163753	1	200
163754	1	200
163760	1	150
163761	1	150
163795	1	200
163795	24	300
163795	33	200
163796	1	200
163817	1	300
163817	118	200
165241	1	35
170292	1	190
175873	1	1500
175873	25	1500
175874	1	1500
175874	14	1500
175874	33	1500
175874	52	1500
175910	1	1500
175921	1	3000
175921	34	300
175921	47	1200
175921	57	1800
175921	177	1500
175921	183	1800
175976	1	1200
176167	1	1800
176289	1	1800
176702	1	7200
176702	124	6000
176702	399	4800
176797	1	7200
176797	197	6000
193093	1	2400
193093	16	30
194116	1	80
194428	1	1760
195016	1	1680
195016	440	1800
195265	1	1800
196099	1	1800
199868	1	1800
199875	1	1800
199877	1	1800
199960	1	1800
199961	1	1800
199961	188	1800
199967	1	1800
199973	1	1800
200041	1	1800
200041	652	1800
201191	1	0
201191	7	1800
201191	88	2100
201191	140	1800
201191	875	1800
201676	1	300
201678	1	1800
201708	1	1800
201727	1	2100
201727	78	1800
203992	1	1200
207488	1	1200
207714	1	0
207714	4	2100
207714	71	0
208307	1	2100
208307	11	1200
208307	630	1200
278817	1	2520
278819	1	2520
278822	1	1200
278822	218	900
278822	1472	600
278822	1504	360
279207	None	1
279205	None	1
279479	1	2520
279479	32	1800
279479	124	600
279488	1	1200
279487	1	1200
279487	36	1200
279487	38	1200
279487	55	1200
279489	1	1200
279484	1	1200
279480	1	200
279480	4	200
279546	1	2520
279557	1	2520
279539	1	2520
279538	1	420
279538	5	300
279553	1	2520
173662	1	840
173663	1	840
173692	1	3000
173692	3	1500
173692	90	1200
173692	928	840
173692	2251	600
193922	1	1760
194051	1	1760
195109	1	1800
195111	1	1800
195115	1	1800
195163	1	1800
195664	1	1680
195664	2	1760
195747	1	240
195747	6	300
195747	7	240
195927	1	1800
196107	1	1800
196197	1	0
196197	3	1800
196199	1	1800
196203	1	1800
196353	1	1800
196458	1	1760
199703	1	1800
199739	1	0
199739	3	1800
199745	1	1800
199751	1	1800
199752	1	1800
199753	1	1800
199754	1	1800
199754	11	1800
200187	1	300
200228	1	1800
201807	1	1800
201808	1	1800
201810	1	1800
202876	1	0
202909	1	0
207515	1	0
207515	3	2100
207515	213	1200
207515	1072	1200
277202	1	2580
277202	46	750
277194	1	2100
277194	336	2000
277194	711	1500
277194	1275	1000
277194	2028	750
277201	1	430
277863	1	2580
277861	1	500
277860	1	1
277862	1	500
277864	1	2580
279543	1	2520
279584	1	2520
279667	1	2520
279667	107	2580
279667	145	2520
279667	310	2000
279667	584	1800
279667	785	1440
279691	1	2520
279691	94	2580
279694	1	2580
279694	44	2520
279694	248	2000
279694	524	1800
279694	745	1440
279694	1036	1200
279694	1913	900
280952	1	420
280953	1	420
280958	1	420
280960	1	420
280946	1	420
165120	1	14000
165120	28	70
177182	1	190
177182	2	120
177878	1	6000
179410	1	9000
179410	16	120
179431	1	11400
179431	3	9000
195655	1	1800
199804	1	1800
199804	561	1800
200042	1	1800
200049	1	1800
200049	320	1800
201803	1	1800
201805	1	1800
203742	1	1200
204564	1	1200
204564	436	1200
204566	1	1200
205214	1	300
205233	1	0
205233	5	2100
205235	1	300
205599	1	2100
205834	1	1200
275963	1	2000
278337	1	2000
278322	1	2000
279794	1	2520
279794	79	2580
279794	157	2520
279794	341	2000
279794	628	1800
279794	870	1440
280955	1	2520
280938	1	420
280948	1	420
280947	1	420
281084	1	420
281085	1	2520
281165	1	36
281155	1	6
281166	1	2520
281166	5	36
281167	1	2520
160579	1	1
165233	1	35
167913	1	190
167913	13	380
167913	15	190
167913	361	120
170255	1	190
170303	1	190
170304	1	190
170406	1	190
172819	1	1050
172819	42	700
178099	1	6000
179547	1	11400
179547	5	9000
179547	234	6000
179977	1	9000
179977	141	120
190688	1	600
190688	4	2400
200178	1	1800
201005	1	1800
201005	49	1800
201097	1	1800
201097	500	1800
201113	1	1
201114	1	1800
201173	1	1800
201174	1	1800
201174	415	1800
201176	1	300
201624	1	2100
201624	176	1800
201625	1	1800
201625	738	1800
201692	1	2100
201692	130	1800
201705	1	2100
201705	79	1800
201706	1	1800
204600	1	1200
204797	1	2100
205193	1	0
205193	4	2100
205193	61	1200
205193	65	2100
205193	100	1200
205193	805	1200
205217	1	1200
205237	1	1200
205238	1	1200
205238	164	1200
205303	1	2100
205303	38	1200
205344	1	1200
205344	377	1200
205515	1	2100
205515	84	1200
206066	1	0
206066	6	2100
206066	134	1200
206304	1	1200
206389	1	0
206389	4	2100
206389	124	1200
206390	1	1200
206391	1	1200
206446	1	0
206446	5	2100
206446	147	1200
206446	967	1200
206466	1	2100
206466	79	1200
206476	1	2100
206575	1	1200
206744	1	2100
206744	51	1200
206859	1	0
206859	3	2100
206859	162	1200
206866	1	1200
206866	216	1200
207269	1	0
207269	4	2100
207269	88	1200
207273	1	1200
207273	310	1200
278018	1	2000
278018	195	1500
278018	702	1000
278017	1	2580
278017	429	2100
278017	455	2000
278769	1	2520
278770	1	2520
278770	42	2000
278770	435	1800
278770	645	1440
279071	1	2520
279071	70	1200
279071	158	900
279073	1	150
279072	1	150
279115	1	2520
279115	123	1200
279115	216	1440
279115	248	1800
279115	295	2000
279115	351	2520
279115	564	900
279116	1	2000
279116	163	1800
279116	391	1440
279654	1	2520
279654	14	2000
279654	306	1800
279654	506	1440
279654	831	1200
279658	1	1200
279658	173	900
279657	1	200
279653	1	2520
279656	1	1200
280361	1	420
280327	1	2520
280330	1	2520
280330	187	2000
280330	470	1800
280330	690	1440
280363	1	2520
280363	3	900
280363	5	1200
280363	243	900
280349	1	1440
280349	151	1200
280349	471	900
280349	481	1200
280364	1	900
280364	1202	600
280362	1	420
281090	1	2520
281089	1	420
281088	1	420
281145	1	36
281164	1	6
281178	1	2520
281178	22	36
281156	1	36
281189	1	36
281201	1	36
281242	1	36
281280	1	36
281222	1	36
281209	1	36
281285	1	36
281286	1	2520
281286	5	36
281213	1	2520
281213	17	36
281256	1	2520
281256	14	36
281216	1	36
281200	1	6
281202	1	2520
281265	1	36
281227	1	36
281207	1	36
281208	1	2520
160913	1	50
163369	1	150
163377	1	90
167674	1	380
170876	1	380
170876	181	270
170876	415	190
170901	1	190
171088	1	1
175866	1	600
176202	1	1800
176207	1	1800
176207	94	1500
176698	1	9000
190462	1	30
190591	1	2400
190591	12	600
191090	1	1200
191090	56	0
193998	1	1760
195013	1	1800
195776	1	1800
195776	426	1760
195868	1	1800
195915	1	1800
195917	1	1800
195919	1	1800
195925	1	1800
195970	1	0
195970	2	1800
200991	1	1800
200991	550	1800
201200	1	1800
201200	157	1800
201229	1	2100
201229	54	1800
201658	1	2100
201658	3	1800
201668	1	2100
201668	107	1800
201671	1	1800
201671	559	1800
201679	1	1800
203991	1	1200
203994	1	1200
204553	1	1200
205111	1	0
205111	4	2100
205111	89	1200
205111	92	2100
205111	114	1200
205611	1	300
205826	1	2100
205826	85	1200
205908	1	2100
205921	1	2100
205921	25	1200
206258	1	1200
206297	1	0
206297	4	2100
206302	1	2100
206302	35	1200
206539	1	2100
206939	1	0
206939	4	2100
206939	34	1200
207219	1	1200
207219	4	1200
207220	1	1200
207371	1	2100
207371	72	1200
207397	1	2100
207397	29	1200
207397	32	2100
207397	60	1200
207477	1	2100
207477	178	1200
278270	1	2520
278270	9	3
280226	1	2520
280226	23	2580
280384	1	2580
280384	15	2520
280385	1	2520
280385	178	2000
280385	466	1800
280385	631	1440
280385	1011	1200
280385	2002	900
280383	1	2520
280383	68	2580
281231	1	2520
281231	7	36
172868	1	700
172868	554	500
172868	1755	380
173236	1	2400
173236	4	1800
173236	76	1500
175833	1	300
175834	1	300
175835	1	300
175857	1	3000
175857	25	1200
175857	31	600
175858	1	600
175888	1	1200
178102	1	6000
178110	1	11400
178110	2	9000
178110	259	7200
178151	1	11400
178151	45	9000
178424	1	5000
190492	1	30
191421	1	30
193928	1	1760
194108	1	1760
194108	821	1760
194224	1	1760
199862	1	1800
199863	1	300
199864	1	1800
199867	1	1800
199867	87	1800
200992	1	1800
201115	1	1800
201159	1	0
201159	4	1800
201164	1	1800
201168	1	1800
201168	198	1800
201554	1	2100
201554	93	1800
202000	1	0
202000	18	2100
202084	1	2100
202084	87	1800
205519	1	1200
205519	281	1200
275918	1	1000
275920	1	1000
275920	13	750
275923	1	750
275911	1	2000
275911	259	1500
275912	1	1500
275912	261	1000
275931	1	750
275913	1	1000
275921	1	750
275922	1	150
276094	1	400
276093	1	400
276097	1	2000
276097	107	1500
276095	1	400
276092	1	2000
276096	1	400
278287	1	420
278288	1	2520
278288	74	1800
278289	1	1800
278290	1	1800
279304	None	1
279311	None	1
280307	1	2520
280307	41	3
163072	1	60
163078	1	40
163402	1	150
163475	1	150
163476	1	150
163596	1	150
163657	1	200
163660	1	200
163661	1	150
165268	1	35
165271	1	35
190488	1	1
194270	1	1760
195114	1	1800
198207	1	1800
198208	1	1800
198210	1	1800
198212	1	1800
198212	264	6600
198213	1	6600
198215	1	6600
200180	1	1800
200185	1	1800
200186	1	1800
200188	1	1800
200960	1	0
200960	8	1800
200976	1	1800
201815	1	1800
202299	1	2100
202299	165	1800
203912	1	1200
203912	382	1200
206573	1	1200
206594	1	2100
206594	108	1200
206596	1	1200
206596	324	1200
207279	1	2100
207279	69	1200
207279	902	1200
207883	1	1200
207884	1	1200
207886	1	1200
208302	1	300
208538	1	2100
276186	1	2000
276190	1	2000
276183	1	2000
276185	1	400
276181	1	2000
278395	1	2000
278406	1	2520
278406	183	2000
278406	477	1800
278406	650	1440
278406	1017	1200
278957	1	2520
278954	1	420
279887	1	2520
279887	65	2580
279887	78	2520
279887	298	2000
281103	1	2520
281103	23	36
281130	1	2520
281130	27	36
281131	1	36
281508	1	420
281508	89	6
281590	1	2520
163478	1	150
163580	1	200
163581	1	200
163582	1	200
163583	1	200
163587	1	200
163588	1	200
163589	1	200
163589	47	150
166346	1	700
166346	8	350
172255	1	700
172475	1	500
172630	1	1050
172630	11	700
176023	1	3000
176023	2	2400
176023	60	1800
176023	66	2400
176163	1	1800
177875	1	11400
177875	9	9000
177875	149	7200
177875	482	6000
178078	1	9000
178160	1	9000
178160	210	7200
178162	1	7200
178162	34	6000
178677	1	9000
178708	1	6000
180251	1	6000
194790	1	1680
195950	1	1800
195950	849	1760
196048	1	1800
196094	1	300
196097	1	1800
196201	1	300
196433	1	1800
198214	1	6600
198269	1	1800
198271	1	1800
198271	463	1800
198346	1	1800
198372	1	1800
198485	1	1800
198486	1	1800
198487	1	1800
198487	451	1800
198522	1	1800
198898	1	0
198898	3	1800
198898	125	1800
198941	1	1800
199103	1	0
199103	56	1800
199428	1	1800
199428	595	1800
201197	1	1800
204511	1	1200
204555	1	1200
204599	1	0
204599	3	2100
204599	143	1200
204792	1	2100
204792	5	0
205158	1	0
205158	3	2100
205158	102	1200
205311	1	1200
205311	168	1200
205339	1	2100
205339	75	1200
205618	1	1200
206210	1	1200
206210	486	1200
206243	1	0
206243	3	2100
206243	165	1200
206243	909	1200
206245	1	1200
206246	1	1200
206257	1	1200
206301	1	300
206303	1	1200
206478	1	1200
206512	1	0
206512	2	2100
206512	96	1200
206512	883	1200
208341	1	1200
208341	407	1200
208407	1	1200
208428	1	1200
208429	1	1200
208487	1	2100
208487	40	1200
208540	1	2100
208540	13	1200
208541	1	1200
208553	1	1200
208686	1	0
208686	6	2100
208686	148	1200
277148	1	2580
277148	84	2000
277148	395	1500
277168	1	2580
277168	9	1500
277168	267	1000
277168	973	750
277166	1	2580
277166	102	2000
277166	193	1500
278873	1	2520
278873	76	1800
278873	95	1440
278874	1	1440
278874	53	1800
278874	197	1440
278874	404	1200
278875	1	1200
278875	219	900
278875	224	1200
278875	422	900
278875	424	1200
278875	533	900
281546	1	36
281545	1	420
281545	11	6
281611	1	2520
163630	1	200
163662	1	150
163663	1	150
163664	1	150
163668	1	150
163751	1	200
163752	1	1
165103	1	35
167746	1	380
175872	1	1500
175872	65	1500
175872	68	1500
194535	1	1760
196438	1	1800
196438	521	1760
196509	1	1800
196531	1	1800
198202	1	1800
198211	1	1800
198229	1	0
198229	5	1800
198230	1	1800
198249	1	1800
198954	1	1800
198969	1	1800
198969	673	1800
199008	1	1800
199011	1	1800
199318	1	1800
199319	1	1800
199319	686	1800
199336	1	1800
199356	1	1800
199429	1	1800
199435	1	1800
199435	590	1800
199436	1	1800
199436	642	1800
199563	1	300
199564	1	1800
199565	1	300
199566	1	1800
199567	1	1800
199568	1	1800
199569	1	1800
199569	354	1800
199570	1	1800
199571	1	1800
199572	1	1800
199573	1	1800
199574	1	1800
199608	1	1800
199608	602	1800
199608	2267	1800
199698	1	0
199698	10	1800
199701	1	300
200601	1	1800
202091	1	1800
203780	1	1200
203830	1	0
203830	5	2100
203830	86	1200
203832	1	1200
204113	1	2100
204113	183	1200
204238	1	2100
204238	38	1200
205694	1	1200
205694	94	1200
207875	1	2100
207875	2	0
207882	1	2100
207882	38	1200
208535	1	2100
208551	1	2100
208551	105	1200
208551	290	1200
208552	1	300
209089	1	1200
209089	8	1200
209089	35	1200
209089	39	1200
209106	1	1200
209106	42	1200
209109	1	1200
209146	1	0
209146	3	1200
209148	1	1200
209151	1	1200
209151	311	1200
276494	1	2000
276495	1	2000
276502	1	750
276501	1	2000
276501	354	1500
276501	821	1000
276501	1849	750
277180	1	2580
277180	93	2100
277180	147	2000
277420	1	2580
277420	73	2000
277420	78	2580
277420	84	2100
277420	237	2000
277847	1	2580
278001	1	430
277998	1	430
281612	1	2520
281613	1	2520
281613	108	90
281613	123	120
281613	131	180
281613	141	2580
281613	157	2520
281613	170	2000
281613	178	1800
281613	185	1440
281613	193	1200
281613	200	900
281613	206	600
281613	212	360
281613	219	180
281613	228	120
281613	237	90
281613	242	120
281616	1	2520
281616	3	120
281616	15	900
281616	228	120
281616	236	90
281616	251	120
281616	263	60
281616	271	90
281616	366	60
160938	1	50
163289	1	90
163296	1	90
163296	4	150
163297	1	150
163300	1	150
163301	1	90
163302	1	90
163308	1	90
171156	1	1050
171156	212	500
171895	1	500
172163	1	700
172163	544	500
172268	1	1050
172268	2	700
172286	1	700
172507	1	500
172516	1	500
176169	1	1800
176848	1	4800
178667	1	6000
178667	45	9000
190490	1	30
190491	1	30
190592	1	2400
190592	4	600
190593	1	600
190595	1	600
190661	1	600
190663	1	600
190678	1	600
190679	1	600
190702	1	600
190702	67	1200
190703	1	1200
190704	1	1200
190705	1	1200
190705	95	600
190706	1	2400
190706	9	600
190707	1	600
190708	1	600
190906	1	1200
190945	1	1200
190949	1	1200
190949	82	0
191043	1	1200
191242	1	40
191247	1	1200
191248	1	1200
191264	1	2400
191264	13	1200
191264	76	2400
191271	1	2400
191276	1	2400
191367	1	2400
191367	3	0
191387	1	2400
191387	3	0
191404	1	30
191406	1	30
191411	1	2400
191694	1	2400
191695	1	2400
191697	1	80
191700	1	2400
191701	1	2400
191718	1	2400
191720	1	2400
191721	1	2400
191723	1	80
191810	1	2400
191811	1	2400
191830	1	2400
191832	1	80
191833	1	2400
193112	1	0
193112	20	600
193112	54	0
193115	1	80
193116	1	0
193124	1	2400
193124	8	600
193192	1	2400
193192	31	600
193192	39	0
193192	51	2400
193193	1	2400
193207	1	1500
193336	1	2400
193336	608	1200
193621	1	2400
193833	1	1760
193834	1	1760
193898	1	1760
193904	1	1760
193905	1	1760
194150	1	1760
194151	1	1760
194151	498	1760
194153	1	1760
194199	1	1760
194210	1	1760
194210	422	1760
194223	1	1760
194303	1	1760
194304	1	1760
194305	1	1760
194427	1	1760
194429	1	1760
194429	26	1760
194439	1	1760
194455	1	1760
194464	1	1760
194479	1	1760
194480	1	1760
194480	312	1760
194702	1	1760
194704	1	1760
194704	382	1760
194711	1	1760
194897	1	1680
194914	1	1680
194914	3	1800
194914	17	1680
194914	21	1800
194914	25	1760
194915	1	1760
195147	1	1800
195164	1	1800
195165	1	1800
195249	1	1800
195251	1	1800
160443	1	1
160444	1	1
160445	1	1
160446	1	1
160452	1	1
160467	1	1
162826	1	40
162828	1	40
163286	1	150
163286	108	90
163332	1	90
163332	8	150
163385	1	150
165248	1	35
165558	1	175
165567	1	350
165567	541	250
165570	1	250
165570	696	175
165617	1	350
167785	1	380
167786	1	380
171446	1	1050
171446	3	700
171446	375	500
171484	1	875
171484	80	700
171484	359	500
172014	1	700
172024	1	700
172033	1	700
172033	256	500
172400	1	700
172400	460	500
172444	1	1
172476	1	500
172478	1	500
172485	1	875
172485	3	700
175837	1	300
175865	1	600
177785	1	6000
177786	1	6000
177786	44	9000
177788	1	9000
177788	22	7200
177788	30	6000
177791	1	6000
178116	1	7200
178116	180	6000
191046	1	1200
191056	1	2400
191057	1	2400
191057	10	1200
191062	1	1200
191226	1	2400
191226	38	1200
193999	1	1760
194027	1	1760
194052	1	1760
195303	1	1800
195304	1	1800
195378	1	2100
195378	3	1800
195378	1301	1760
195379	1	1760
195399	1	1760
195522	1	1800
195523	1	1800
195524	1	1800
195527	1	1800
195528	1	1800
195529	1	1800
195530	1	1800
195540	1	1800
195551	1	1800
195552	1	1800
195552	1307	1760
195633	1	1800
195634	1	1800
195656	1	1800
195757	1	1680
195758	1	1680
195773	1	1800
195774	1	1800
195775	1	1800
195841	1	1800
195929	1	1800
195937	1	1760
195963	1	1800
196019	1	0
196019	3	1800
196023	1	1800
196027	1	1800
196046	1	1800
196047	1	1800
196090	1	1800
196095	1	300
196096	1	1800
196098	1	1800
196103	1	1800
196122	1	1680
196122	4	1800
196135	1	1800
196200	1	1800
196202	1	1800
196218	1	1800
196239	1	1800
196239	835	1760
196249	1	1800
196250	1	1800
196251	1	1800
196252	1	1800
196334	1	0
196334	3	1800
196349	1	1800
196350	1	1800
196352	1	1800
196357	1	1800
196359	1	1800
196361	1	300
196362	1	1800
196363	1	1800
196430	1	0
196430	2	1800
196431	1	1800
196432	1	1800
196437	1	1800
196452	1	0
196452	2	1800
196453	1	1800
196453	805	1760
196495	1	0
196495	2	1800
196501	1	1800
196508	1	1800
198023	1	6600
198040	1	300
198041	1	6600
198044	1	6600
198045	1	6600
198046	1	300
198047	1	6600
198048	1	6600
198049	1	6600
198050	1	6600
198063	1	6600
198116	1	2100
160498	1	1
160499	1	1
160577	1	1
160578	1	1
160808	1	1
160808	3	1
160808	4	1
160808	10	20
160815	1	20
160819	1	20
160827	1	20
160835	1	20
160853	1	7
160853	50	20
160872	1	20
160873	1	20
160874	1	20
160911	1	50
160914	1	50
160915	1	50
160916	1	50
160935	1	1
160935	5	50
160936	1	50
160937	1	50
160939	1	50
160940	1	50
160942	1	50
160943	1	50
160943	42	20
160955	1	100
160955	69	100
160956	1	100
160956	42	100
160957	1	100
160957	693	50
160998	1	100
161008	1	100
161016	1	100
161016	78	50
161103	1	100
161113	1	100
163334	1	150
163655	1	200
163665	1	150
163738	1	200
165993	1	700
165993	4	350
165993	773	250
165993	778	350
166859	1	700
166859	27	350
167675	1	380
167675	518	270
167676	1	270
167740	1	700
167740	4	380
167754	1	380
170298	1	190
170376	1	1050
170376	54	500
170376	57	380
170376	60	1
170842	1	380
171050	1	1050
171050	54	700
171050	93	500
171875	1	700
171926	1	700
172208	1	700
172252	1	700
172254	1	700
172488	1	700
172488	14	380
172495	1	380
172495	116	500
172497	1	500
172798	1	500
172802	1	380
172802	304	270
172822	1	700
172822	616	500
172822	1922	380
172824	1	380
175974	1	2400
176206	1	1800
176286	1	1800
176286	63	2400
176286	166	1800
176304	1	1800
176304	67	2400
176304	187	1800
176308	1	1800
176309	1	1800
176309	224	1500
176309	484	1200
176309	697	840
176309	985	600
176795	1	11400
176795	4	9000
176795	43	11400
176796	1	11400
176796	11	9000
176796	46	7200
176799	1	6000
176799	154	4800
176801	1	4800
176805	1	4800
176807	1	4800
176844	1	6000
176844	62	4800
176850	1	4800
176860	1	4800
176868	1	4800
176885	1	7200
176886	1	7200
176886	75	6000
176886	379	4800
176889	1	4800
176927	1	190
176928	1	11400
176928	8	7200
176929	1	7200
176929	172	6000
176959	1	7200
176982	1	11400
176982	4	6000
177053	1	11400
177053	43	7200
177053	265	6000
177053	531	4800
177074	1	11400
177074	26	7200
177074	201	6000
177074	488	4800
177088	1	11400
177088	3	7200
177095	1	11400
177095	3	7200
177095	99	6000
177096	1	6000
177096	130	4800
177131	1	11400
177131	39	9000
177138	1	9000
177138	72	7200
177139	1	7200
177139	286	6000
177139	532	4800
177140	1	4800
177141	1	4800
177183	1	7200
177183	9	9000
177183	99	7200
177184	1	7200
177201	1	7200
177201	63	9000
177201	258	7200
177201	440	6000
177222	1	11400
177222	41	9000
177222	59	7200
177313	1	11400
177313	4	7200
177313	62	9000
177316	1	9000
177317	1	9000
177318	1	9000
177318	70	7200
177318	369	6000
177319	1	6000
177449	1	11400
177449	2	7200
177449	45	9000
177449	236	7200
177452	1	7200
177452	157	6000
177719	1	6000
177730	1	11400
177730	36	9000
177730	51	7200
177730	56	9000
177730	214	7200
177730	431	6000
177776	1	11400
177776	8	7200
177776	52	9000
177782	1	11400
177782	74	7200
177782	80	9000
177782	161	7200
178669	1	9000
178670	1	9000
178671	1	150
178675	1	6000
178675	12	9000
178703	1	11400
178703	3	6000
178703	31	9000
178703	177	6000
178712	1	6000
178712	8	5000
178724	1	5000
178731	1	5000
178738	1	5000
178786	1	11400
178786	20	6000
178786	67	9000
178786	194	6000
178803	1	11400
178803	3	6000
178803	56	9000
178803	152	6000
178840	1	11400
178840	2	6000
178840	47	9000
178840	200	6000
178970	1	9000
178970	158	6000
178985	1	6000
178985	7	5000
179434	1	6000
179434	28	9000
179434	84	6000
179434	572	5000
179452	1	5000
179476	1	5000
179497	1	11400
179497	4	9000
179497	193	6000
179558	1	6000
190482	1	30
190538	1	2400
190538	3	30
190539	1	30
190710	1	600
166010	1	350
166011	1	350
166033	1	700
166033	13	490
166033	27	350
166486	1	700
166486	3	350
166502	1	700
166502	3	350
166512	1	350
166784	1	350
166787	1	350
166787	12	250
166840	1	1
166841	1	350
166842	1	350
166842	8	250
166861	1	350
167041	1	380
167041	396	270
167043	1	270
167078	1	380
167098	1	380
167098	424	35
167098	447	380
170286	1	1050
170286	3	500
170286	83	380
170286	87	190
170378	1	190
170378	4	1
170380	1	380
170382	1	380
170382	8	270
170382	10	190
170397	1	190
170527	1	700
170527	13	500
170527	44	380
171178	1	500
171178	149	380
171178	731	270
171274	1	700
171282	1	700
171578	1	700
171578	348	500
171578	697	380
175863	1	600
176166	1	1800
176201	1	3000
176201	2	1800
176201	41	2400
176201	135	1800
177507	1	11400
177507	28	7200
177507	42	9000
177507	64	11400
177507	67	7200
177509	1	7200
177509	8	6000
177509	110	7200
177515	1	7200
177515	6	6000
177718	1	11400
177718	44	9000
177718	121	7200
177718	491	6000
178022	1	11400
178022	8	7200
178098	1	9000
178098	184	7200
178098	492	6000
179563	1	6000
179563	346	5000
179889	1	11400
179889	19	9000
179889	169	6000
190456	1	2400
190456	9	30
190459	1	2400
190459	5	30
190465	1	30
190645	1	30
190646	1	30
190659	1	600
190659	71	2400
190733	1	1200
190734	1	40
190735	1	40
190736	1	1200
190738	1	1200
190782	1	1200
190895	1	1200
191424	1	30
191693	1	80
191834	1	2400
191837	1	2400
191839	1	2400
191842	1	2400
191845	1	2400
191849	1	2400
191856	1	2400
191857	1	2400
191858	1	2400
191859	1	2400
193541	1	2400
193556	1	2400
193557	1	2400
193575	1	2400
193835	1	1760
193836	1	1760
193878	1	1760
193919	1	1760
193925	1	1760
194050	1	1760
194050	701	1760
194050	1777	1760
194075	1	1760
194115	1	1760
194115	713	1760
194117	1	1760
194119	1	1760
194120	1	1760
194120	334	1760
194225	1	1760
194315	1	1760
194317	1	1760
194424	1	1760
194533	1	1760
194619	1	1760
194627	1	1760
194631	1	1760
194643	1	1760
194644	1	1760
194691	1	1760
194699	1	1760
194712	1	1760
194712	515	1760
194735	1	1680
194778	1	1680
194785	1	1680
194786	1	240
194787	1	240
194788	1	1680
194789	1	1680
194825	1	1680
194896	1	1680
194912	1	1680
195266	1	1800
195385	1	1760
195387	1	1760
195390	1	1760
195396	1	1800
195397	1	1800
195398	1	1800
195398	188	1760
195398	1313	1760
195526	1	1800
195645	1	1800
195649	1	1800
195658	1	1800
195658	49	1760
195916	1	1800
195918	1	1800
195923	1	1800
195926	1	1800
160954	1	1
160954	11	100
161106	1	100
161116	1	100
161117	1	100
161119	1	100
161216	1	150
161217	1	150
161222	1	150
161223	1	150
161223	286	100
161223	292	70
161224	1	70
161233	1	150
161310	1	60
161311	1	60
161311	233	40
161312	1	40
161312	62	30
162742	1	40
162760	1	30
162762	1	30
162765	1	30
162801	1	30
162803	1	30
162808	1	30
162811	1	30
162811	5	40
162822	1	40
162823	1	40
162825	1	40
162827	1	40
162881	1	30
162902	1	30
162902	24	40
162902	25	60
162909	1	30
162909	3	60
162917	1	60
162924	1	60
162925	1	60
162926	1	60
162929	1	60
162929	132	40
162929	274	30
166052	1	350
166052	113	250
166052	115	350
166052	116	250
166143	1	1
166143	11	1
166144	1	1
166145	1	1
166147	1	350
166148	1	350
166149	1	350
166150	1	350
166161	1	350
166163	1	350
166374	1	700
166374	3	350
166375	1	1
166377	1	350
166514	1	350
166514	12	250
166563	1	350
167284	1	270
167284	892	190
167673	1	700
167673	3	380
170249	1	500
170249	42	270
170249	46	190
170396	1	1
170722	1	700
170722	116	500
170722	119	380
170722	219	500
170759	1	1050
170759	15	380
170759	337	270
170854	1	380
170896	1	190
170899	1	190
171090	1	1
171091	1	500
171098	1	500
171102	1	500
171116	1	1
171369	1	875
171369	61	700
171876	1	700
171876	382	500
171879	1	500
171880	1	500
171890	1	500
171897	1	500
171897	296	380
171921	1	1050
171921	4	700
172468	1	500
172473	1	500
172590	1	1
172592	1	1
172619	1	380
172620	1	380
172635	1	700
172778	1	1050
172778	3	700
172801	1	380
175875	1	1500
175886	1	1200
175887	1	1200
175906	1	3000
175906	50	1200
175906	52	3000
175906	71	1500
175907	1	25
175971	1	3000
175971	49	1800
175971	61	2400
175973	1	2400
175975	1	2400
175975	180	1200
175990	1	3000
175990	4	300
175990	27	2400
175990	57	1800
176161	1	1800
176165	1	1800
176466	1	1800
176467	1	1800
176467	113	1500
176468	1	1500
176469	1	1500
176470	1	1200
176545	1	3000
176547	1	3000
176547	28	1800
176548	1	1800
176548	121	1500
176548	625	1200
176765	1	7200
176765	67	9000
176765	111	11400
176771	1	7200
176771	65	9000
176771	79	11400
176771	149	9000
176841	1	7200
176841	122	6000
176842	1	6000
177783	1	7200
177783	243	6000
177789	1	6000
177790	1	6000
178421	1	6000
178421	34	9000
178421	42	11400
178421	111	9000
178421	230	6000
178421	510	5000
191086	1	1200
191201	1	1200
191244	1	40
191277	1	2400
191691	1	1200
191691	67	2400
191692	1	2400
191692	20	1200
191726	1	2400
191800	1	2400
191808	1	80
160454	1	1
160455	1	1
160456	1	1
160466	1	1
160890	1	50
160894	1	50
160898	1	50
160907	1	50
161156	1	100
161165	1	100
161176	1	100
161210	1	150
161212	1	150
161213	1	150
163232	1	60
163252	1	30
163252	4	60
163269	1	150
163337	1	150
163368	1	150
163370	1	150
163371	1	150
163374	1	150
163374	672	90
163757	1	200
163763	1	150
165099	1	35
165102	1	14000
165102	5	35
165121	1	70
165121	243	45
165150	1	35
165165	1	45
165168	1	45
165208	1	175
165229	1	700
165229	29	45
165229	38	35
165238	1	35
165254	1	35
165255	1	35
165262	1	35
165269	1	35
165400	1	250
165415	1	250
165415	812	175
165467	1	350
165467	114	250
166164	1	350
166530	1	700
166530	38	350
166530	42	490
166554	1	350
166562	1	350
166565	1	350
166565	12	250
166699	1	350
166860	1	350
166862	1	1
166863	1	350
166864	1	350
166864	318	250
166888	1	350
166889	1	350
166890	1	350
166893	1	350
166894	1	350
166895	1	350
166895	135	250
166911	1	350
166921	1	350
166922	1	350
166923	1	350
166946	1	350
166947	1	350
166950	1	350
166960	1	350
166960	60	250
166966	1	250
166967	1	250
167039	1	380
170452	1	1050
170452	23	500
170452	75	700
170452	80	380
171812	1	700
171812	324	500
172011	1	30
275887	1	2000
275886	1	2000
275886	8	1500
275886	22	2000
275886	25	1500
275886	69	2000
275890	1	2000
275890	9	1500
275890	504	1000
173659	1	1200
173661	1	840
178854	1	6000
178854	64	5000
178866	1	5000
178871	1	5000
178920	1	11400
178920	35	9000
178920	207	6000
179411	1	6000
179411	7	9000
179411	10	6000
179411	24	9000
179411	97	11400
179959	1	11400
179959	62	9000
180072	1	11400
180072	2	9000
180072	62	6000
180072	80	11400
180072	105	120
180076	1	6000
180076	202	11400
180076	229	6000
180091	1	6000
180093	1	6000
180093	99	5000
180093	327	11400
180241	1	11400
180241	4	9000
180241	66	6000
180241	100	11400
180241	130	6000
180249	1	11400
180249	3	9000
180250	1	9000
180250	238	6000
180252	1	6000
160431	1	1
160432	1	1
160433	1	1
160442	1	1
160447	1	1
160449	1	1
160450	1	1
160497	1	1
160875	1	20
160876	1	20
160877	1	20
160888	1	50
162733	1	60
163045	1	60
163046	1	60
163071	1	60
163076	1	40
163233	1	60
163233	274	40
163236	1	1
163237	1	40
163333	1	150
163339	1	90
163340	1	90
163659	1	200
165272	1	35
165364	1	250
165364	1133	175
165472	1	250
165472	493	175
165486	1	350
165487	1	350
165506	1	350
165506	58	250
165514	1	250
165514	41	350
165523	1	700
165523	6	350
165525	1	350
165529	1	350
165536	1	350
165537	1	350
165537	13	250
165542	1	250
165542	162	175
165548	1	175
165619	1	350
165620	1	350
165633	1	700
165633	3	350
165970	1	700
165970	9	350
166034	1	350
166034	203	250
166049	1	700
166049	16	490
166049	57	350
166051	1	350
166379	1	350
166380	1	350
166380	638	250
166394	1	350
166408	1	700
166408	30	350
166429	1	700
166429	5	350
166438	1	350
166439	1	350
166462	1	700
166462	16	350
166701	1	350
166701	79	250
166763	1	350
166781	1	700
166781	3	350
166782	1	350
166839	1	700
166839	6	350
167102	1	700
167102	7	270
167103	1	270
167150	1	380
167151	1	380
167281	1	380
167282	1	380
167282	38	270
167283	1	270
167807	1	380
167807	1406	270
167830	1	270
167830	172	190
167830	459	120
167898	1	700
167898	4	380
167898	1334	270
167898	1655	190
172389	1	1050
172389	4	700
172399	1	1050
172399	2	700
172401	1	500
172411	1	1050
172411	4	700
172448	1	1
172451	1	1
172457	1	1
172847	1	1050
172847	2	700
172865	1	875
172865	3	700
172867	1	700
172949	1	875
172949	2	700
172949	934	500
172951	1	500
172952	1	500
172952	681	380
172992	1	700
172998	1	700
172998	50	500
172998	66	380
172998	81	270
172999	1	500
173198	1	700
173198	666	500
173240	1	1500
173241	1	1500
173241	17	1200
173241	760	1
173243	1	840
173243	14	1200
173244	1	1200
173380	1	3000
173380	4	1500
173380	200	1200
173381	1	1200
173389	1	1500
173389	283	1200
173406	1	3000
173406	22	1500
173430	1	1200
173431	1	1200
173438	1	1200
173439	1	1500
173439	307	1200
173664	1	840
176697	1	9000
176701	1	9000
176701	8	7200
198523	1	300
199021	1	1800
199021	683	1800
199699	1	1800
199699	389	1800
199833	1	1800
199833	411	1800
200075	1	0
200075	4	1800
200466	1	1800
200466	91	1800
200466	142	1800
200990	1	0
200990	5	1800
201199	1	1800
201202	1	1800
201812	1	1800
201813	1	1800
201816	1	1800
201824	1	1800
202013	1	1800
202014	1	1800
202016	1	1800
202016	203	1800
202044	1	2100
202044	116	1800
202045	1	1800
202045	340	1800
202046	1	1800
202047	1	1800
202051	1	300
202088	1	1800
203777	1	2100
203778	1	2100
203778	51	1200
205666	1	2100
205666	99	1200
206187	1	2100
206187	201	1200
206199	1	2100
206199	6	1200
206484	1	0
206484	4	2100
206484	224	1200
206745	1	1200
206745	349	1200
206745	1965	1200
207320	1	1200
207398	1	1200
207454	1	2100
207454	138	1200
207454	982	1200
207468	1	2100
207468	77	1200
207491	1	1200
207779	1	0
207788	1	80
207789	1	0
207790	1	0
207813	1	0
207813	3	0
207897	1	0
207897	2	2100
207897	92	1200
207905	1	0
207905	3	2100
207905	74	1200
207905	78	2100
207905	136	1200
207905	931	1200
207920	1	2100
207920	125	1200
207921	1	1200
207922	1	1200
207922	15	1200
207924	1	1200
208299	1	2100
208300	1	2100
208303	1	300
208304	1	2100
208339	1	2100
208339	85	1200
208351	1	2100
208351	135	1200
208353	1	1200
208357	1	1200
208357	90	1200
208390	1	0
208390	4	2100
208390	157	1200
208391	1	1200
208391	685	1200
208406	1	1200
208509	1	2100
208509	60	2100
276508	1	400
276765	1	400
276769	1	2000
276776	1	1000
276776	458	750
276794	1	2000
276794	8	750
276794	413	500
276767	1	2000
276775	1	2000
276775	184	1500
276775	780	1000
277853	1	430
277854	1	2580
277856	1	2580
278509	1	2000
278509	100	2520
278509	191	2000
278509	529	1800
278509	691	1440
278509	1044	1200
279822	1	420
279823	1	2520
279823	26	2580
279823	50	2520
279823	366	2000
279931	1	2520
279931	71	1200
279931	74	2520
279931	262	2000
279931	521	1800
279931	752	1440
279931	1088	1200
279931	1946	900
199834	1	1800
199834	656	1800
201366	1	2100
201393	1	2100
201418	1	2100
201613	1	1800
201718	1	2100
201718	66	1800
203836	1	1200
203836	23	0
204484	1	300
204554	1	1200
206331	1	2100
206331	187	1200
276235	1	2000
276235	4	1500
276237	1	400
276243	1	750
276242	1	2000
276242	9	1500
276242	465	1000
276242	1385	750
276244	1	750
277277	1	2580
277278	1	430
277279	1	430
277933	1	1
277932	1	1
277934	1	1
278136	1	430
278193	1	2580
278193	3	2000
278193	76	2100
278193	122	2000
278345	1	2000
278345	309	1800
278345	620	1440
278346	1	1440
278346	112	1200
278349	1	1200
278349	318	900
278349	325	1200
278349	467	900
278366	1	900
278761	1	2520
278761	5	3
278976	1	900
278969	1	2520
278969	373	2000
278969	644	1800
278969	872	1440
278969	1198	1200
278975	1	1200
278975	600	900
201669	1	1800
201707	1	1800
201707	579	1800
201794	1	2100
201802	1	0
201802	8	2100
201802	172	1800
201806	1	300
201809	1	1800
201817	1	1800
201818	1	1800
201819	1	1800
201819	231	1800
202012	1	2100
202012	58	1800
202074	1	2100
202074	85	1800
202075	1	1800
202075	616	1800
202272	1	2100
202272	79	1800
202272	637	1800
202304	1	1800
202304	116	1800
203739	1	1200
203980	1	1200
203985	1	1200
206448	1	1200
276044	1	400
276074	1	400
276063	1	400
276054	None	1
276071	1	2000
276072	1	400
276049	1	2000
276062	1	400
276064	1	2000
276279	1	2000
276282	1	2000
276282	376	1500
276282	971	1000
276271	1	400
276276	1	2000
276283	1	1000
276283	778	750
276948	1	1500
276942	1	2000
276942	8	2100
276947	1	2000
276947	96	1500
276950	1	1500
276950	42	1000
276950	881	750
276945	1	420
276940	1	2580
276940	82	2100
276940	123	2000
276941	1	2000
276944	1	2100
276946	1	2100
276946	9	2000
277822	1	2580
277826	1	2580
277833	1	2580
277827	None	1
277824	1	430
277820	1	2580
277829	1	430
277832	1	2580
277819	1	430
277835	1	2580
277823	1	430
277816	1	2580
277828	1	430
278765	1	2520
278765	9	2000
279682	1	2580
279682	6	2520
279683	1	2520
279684	1	2520
279685	1	2520
279685	7	2000
279685	10	2520
279685	43	2000
199812	1	1800
199812	629	1800
199832	1	1800
200473	1	1800
200473	498	1800
200491	1	1800
200515	1	1800
200518	1	300
200532	1	1800
201062	1	0
201062	3	1800
201535	1	2100
201535	12	30
201612	1	300
202087	1	1800
202087	501	1800
202093	1	1800
202116	1	1800
202178	1	2100
202178	85	1800
202178	664	1800
203002	1	0
203002	4	2100
203002	103	1200
203002	766	1200
203987	1	1200
203987	310	1200
204114	1	1200
204114	259	1200
204577	1	1200
204577	633	1200
204795	1	0
204795	90	2100
205781	1	1200
205833	1	0
205833	5	2100
205833	168	1200
206401	1	2100
206401	181	1200
206540	1	2100
206541	1	2100
207221	1	1200
207231	1	2100
207231	181	1200
207231	985	1200
207233	1	1200
208392	1	1200
208394	1	1200
208397	1	1200
208402	1	1200
278474	1	400
278807	1	240
278802	1	2520
278804	1	400
278800	1	2520
278801	1	2520
278805	1	2000
278805	88	1800
278805	285	1440
278806	1	240
278803	1	2520
278803	107	2000
278808	1	1440
278808	343	1200
278808	1235	900
278962	1	2520
278962	195	2000
278963	1	2000
278963	108	1800
279681	1	2520
279681	81	2580
201193	1	1800
201195	1	300
201196	1	1800
206208	1	1200
206208	231	1200
208296	1	2100
275958	1	400
275960	1	2000
276434	1	2000
276544	1	750
276545	1	750
276542	1	2000
276542	321	1500
276543	1	1500
276543	29	1000
276543	936	750
277087	1	2580
277087	168	500
277076	1	750
277071	1	1000
277069	1	2580
277069	85	2100
277069	89	2580
277069	94	2100
277075	1	750
277086	1	2580
277070	1	2100
277070	11	2000
277070	39	2100
277070	67	2000
277070	323	1500
277070	803	1000
277072	1	1000
277072	306	750
277073	1	2580
277073	21	750
277081	1	2580
277534	1	430
277536	1	2580
277842	1	2580
279966	1	2520
279966	77	2580
279966	275	2520
279966	402	2000
279975	1	2520
279975	76	2580
279975	87	3010
279975	118	2580
279975	279	2520
279975	489	2000
279975	749	1800
279975	952	1440
279967	1	420
279994	1	2580
280014	1	420
280024	1	600
280006	1	2520
280006	19	2000
280015	1	2520
280015	7	2000
280015	82	1800
280015	287	1440
279990	1	2520
280002	1	2520
280007	1	2520
280007	14	2000
280020	1	600
279993	1	2520
279993	89	2580
280018	1	1200
280018	160	900
280018	596	600
279991	1	2520
280013	1	2520
280021	1	100
280023	1	100
280016	1	2520
280016	6	1200
280019	1	100
280022	1	100
279995	1	430
280001	1	420
280017	1	1200
198270	1	1800
198272	1	1800
200190	1	1800
200243	1	1800
201390	1	2100
201419	1	2100
201420	1	2100
201729	1	1800
201804	1	1800
202086	1	300
202880	1	0
202972	1	2100
202972	9	1200
202972	530	1200
204101	1	1200
204506	1	2100
204506	70	1200
204541	1	0
204541	4	2100
204541	83	1200
204544	1	1200
204576	1	2100
204576	87	1200
204601	1	1200
204601	488	1200
204798	1	300
204799	1	300
204800	1	2100
204809	1	2100
204812	1	2100
205086	1	0
205086	4	2100
205086	57	1200
205604	1	300
205605	1	1200
205690	1	1200
206477	1	2100
206477	6	1200
206572	1	2100
206572	39	1200
206572	40	2100
206574	1	1200
206595	1	1200
206598	1	1200
206867	1	1200
207299	1	1200
207487	1	2100
207487	26	0
207487	35	2100
207487	144	1200
207490	1	1200
207490	38	1200
207492	1	1200
207517	1	1200
207518	1	1200
207898	1	1200
208297	1	2100
208298	1	300
208393	1	1200
278419	1	2000
278418	1	2000
278417	1	400
278923	1	2520
278923	348	2000
278904	1	0
278922	1	2520
278941	1	2520
279085	1	2520
279854	1	240
279861	1	240
279864	1	1440
279845	1	2520
279846	1	2520
279846	11	2000
279852	1	1440
279857	1	240
279862	1	1440
198268	1	1800
201228	1	2100
201278	1	2100
201278	126	1800
201278	790	1800
201278	2193	2100
201383	1	2100
201384	1	2100
201391	1	2100
201602	1	2100
201602	90	1800
201657	1	2100
202050	1	300
202054	1	1800
202060	1	2100
202060	79	1800
202060	715	1800
202090	1	300
202873	1	0
203709	1	1200
204250	1	2100
204250	104	1200
204550	1	300
204551	1	1200
204552	1	1200
204563	1	0
204563	3	2100
204563	94	1200
204565	1	1200
204567	1	1200
205526	1	1200
205595	1	2100
205598	1	2100
205600	1	2100
205600	42	1200
205617	1	1200
205617	169	1200
205620	1	1200
205774	1	2100
205774	10	1200
205937	1	0
206098	1	2100
206542	1	2100
206542	12	1200
206542	17	2100
206542	40	1200
207372	1	1200
207469	1	2100
207887	1	2100
207887	9	1200
208427	1	2100
208427	89	1200
279024	1	2520
279024	86	1200
279029	1	1200
279028	1	1200
279767	1	900
279760	1	2520
279760	77	2580
279760	213	2520
279760	373	2000
279760	609	1800
279766	1	1800
279766	60	1440
279766	429	1200
279766	1395	900
279849	1	2000
279849	109	1800
279844	1	2520
279844	83	2580
279844	207	2520
279855	1	240
279858	1	240
279856	1	240
279860	1	240
279865	1	2520
279865	27	1200
279850	1	300
279850	17	240
279851	1	1440
279859	1	240
279848	1	2520
279848	22	2000
279853	1	1440
199876	1	1800
199876	344	1800
200244	1	1800
200244	612	1800
200245	1	1800
200253	1	1800
200368	1	1800
200369	1	1800
200369	13	1800
200381	1	0
200381	3	1800
200519	1	1800
200519	528	1800
200602	1	1800
200961	1	1800
205215	1	300
206513	1	1200
206906	1	1200
276384	1	750
276357	1	2000
276357	36	1500
276361	1	1500
276361	464	1000
276349	1	400
276363	1	1000
276363	503	750
276347	1	400
276352	1	2000
276355	1	2000
276362	1	200
276360	1	300
276350	1	400
276351	1	400
277216	1	2580
277219	1	2100
277217	1	2580
277218	1	2580
277218	10	2100
277220	1	2100
277220	29	2000
278050	1	2580
278062	1	2580
278690	1	2520
278986	1	2520
279356	1	2520
279405	1	1200
279403	1	2520
279841	1	2520
279841	75	2000
279841	748	1800
279841	957	1440
279841	1204	1200
279840	1	2520
282536	1	3850
282515	1	550
282521	1	3850
282498	1	3850
282508	1	3850
282523	1	3850
282708	1	2580
282712	1	2580
282712	44	2580
282707	1	2580
282709	1	430
282710	1	430
282711	1	430
282905	1	430
282906	1	2580
284014	1	1440
284006	1	2580
284006	105	1440
284006	162	1200
284006	190	1440
284025	1	3010
284025	155	2580
284041	1	1200
284036	1	2000
284036	140	1800
284037	1	1800
284037	7	1440
284037	258	1200
284038	1	1200
284042	1	1200
284044	1	1200
284035	1	2580
284035	74	2520
284035	278	2000
284039	1	1200
284029	1	2580
284029	39	2580
284040	1	1200
282310	1	3850
282304	1	550
282377	1	3850
282377	20	2580
282399	1	550
282403	1	3850
282412	1	2520
282408	1	3850
282467	1	3850
282842	1	2580
282842	14	3010
282842	40	2580
283049	1	2580
283049	81	3010
283049	88	2580
283059	1	2520
283059	69	2000
283059	296	1800
283050	1	3010
283050	38	2580
283050	134	2580
283067	1	1800
283067	9	1440
283067	47	1200
283067	60	1200
283067	80	1200
283067	102	1200
283067	145	1200
283067	152	1200
283052	1	2580
283052	104	2520
283305	1	2580
283307	1	2520
283307	158	2000
283307	297	1800
283306	1	2580
283306	133	2580
283306	278	2520
283308	1	1800
283308	93	1440
283308	360	1200
283478	1	2580
283478	229	2580
283478	324	3850
283478	328	2580
283478	428	2520
283478	589	2000
283478	836	1800
283548	1	2580
283548	149	1440
283548	159	1800
283934	1	2580
283934	33	2580
283934	271	2520
283934	410	2000
283934	698	1800
283934	842	1440
283934	1075	1200
283933	1	2580
283933	100	3010
283933	119	2580
283964	1	2580
283964	3	1200
283946	1	3010
283946	133	2580
283946	263	2580
283946	425	2520
283946	583	2000
283946	826	1800
283946	1012	1440
283946	1225	1200
282923	1	1440
282923	219	1200
282924	1	1200
282920	1	400
282921	1	2000
282921	84	1800
282917	1	2580
282917	117	2580
282918	1	2580
282918	14	2520
282919	1	2520
282919	101	2000
282919	106	2520
282919	140	2000
282922	1	1800
282922	123	1440
283041	1	2580
283041	134	2580
283042	1	430
283042	4	400
283042	8	430
283040	1	2580
283040	50	2520
283040	53	2580
283043	1	2580
283043	57	2520
283043	193	2000
283043	434	1800
283039	1	2580
283163	1	430
283340	1	3010
283820	1	2580
283820	51	1440
283820	1531	1200
283818	1	2580
283835	1	900
283830	1	1200
283830	414	900
283834	1	900
283877	1	2000
283877	64	1800
283877	249	1440
283877	503	1200
283877	1346	900
283878	1	900
283876	1	2580
283876	205	2580
283876	402	2520
283876	554	2000
283142	1	2580
283108	1	2580
283151	1	2580
283136	1	2580
283122	1	2580
283358	1	2000
283358	57	1800
283358	213	1440
283358	515	1200
283353	1	2580
283353	3	3010
283353	167	2580
283353	309	2580
283353	461	2520
283353	656	2000
283359	1	1200
283359	372	900
283884	1	2580
283884	428	2580
283884	618	2520
283885	1	2520
283885	24	2000
283885	249	1800
283885	444	1440
283885	740	1200
283885	1482	900
283920	1	430
284043	1	1200
284068	1	2580
284068	31	120
284068	38	36
284068	53	3010
284066	1	430
282374	1	3850
282374	36	2580
282577	1	3850
282567	1	3850
282544	1	3850
282585	1	3850
282586	1	3850
283270	1	2580
283270	76	3010
283270	154	2580
283270	304	2580
283270	498	2520
283270	663	2000
283270	912	1800
283270	1096	1440
283270	1381	1200
283270	1906	900
283283	1	900
283283	1315	600
283451	1	430
283453	1	2580
283453	154	2580
283453	163	2580
283453	302	2580
283453	491	2520
282189	1	550
282196	1	3850
282193	1	3850
282205	1	550
282218	1	3850
282659	1	550
282661	1	3850
282663	1	3850
282663	223	90
282663	233	60
282663	1100	2580
282660	1	550
282662	1	3850
282662	37	2520
282731	1	2580
282731	118	2580
282735	1	1800
282735	70	1440
282735	308	1200
282735	1133	900
282730	1	2580
282730	90	3010
282730	126	2580
282732	1	2580
282734	1	2000
282734	207	1800
282733	1	2580
282733	29	2520
282733	172	2000
282814	1	1800
282814	153	1440
282814	405	1200
282814	1116	900
282796	1	2580
282799	1	430
282800	1	2580
282800	80	2580
282800	143	2520
282800	235	2000
282800	242	2520
282800	256	2000
282800	312	2520
282807	1	2520
282807	35	2000
282807	243	1800
283469	1	2580
282599	1	3850
282603	1	3850
282601	1	3850
282601	9	1800
283034	1	2580
283034	9	3850
283034	16	3010
283034	18	2580
283034	22	2580
283034	24	2520
283034	28	2000
283034	31	1800
283034	35	1440
283034	40	1200
283034	44	1200
283034	47	1200
283034	55	1200
283034	62	1200
283034	67	1200
283034	74	900
283034	77	600
283413	1	150
283407	1	2580
283407	88	3010
283408	1	3010
283408	90	2580
283408	239	2580
283408	440	2520
283408	609	2000
283408	883	1800
283408	1073	1200
283408	1085	1440
283408	1295	1200
283408	2122	900
283415	1	150
283416	1	900
283414	1	150
283623	1	2580
283642	1	2580
283644	1	2580
283618	1	2580
283630	1	2580
283617	1	430
283634	1	430
283636	1	2580
283639	1	430
283640	1	2580
283646	1	2580
283648	1	2580
283628	1	430
283633	1	2580
283635	1	430
283643	1	430
283645	1	430
283620	1	2580
283676	1	2580
283685	1	1440
283685	7	1200
283685	49	600
283685	57	360
283685	74	60
283685	76	120
283685	95	36
283685	98	60
283685	100	90
283685	102	120
283685	157	90
283685	166	120
283685	213	90
283685	256	1440
283685	294	1200
283680	1	2580
283680	22	2520
283672	1	2580
283675	1	2580
283681	1	2520
283681	10	2000
283682	1	2000
283682	175	1800
283682	346	1440
283861	1	430
283865	1	2580
283865	143	2580
283865	324	2520
283865	484	2000
283865	722	1800
283865	932	1440
283865	1166	1200
283858	1	2580
283859	1	430
283860	1	2580
283863	1	2580
274978	1	1000
