254790	1	1
254790	3	1
254833	1	1
254833	126	1
254833	317	1
254879	1	1
254879	33	1
254905	1	1
254905	39	1
254906	1	1
254913	1	1
254914	6	1
256674	1	1
257461	1	1
257461	35	1
257461	38	1
257461	69	1
257804	1	1
257804	6	1
257816	1	1
258159	1	1
258312	1	1
258313	1	1
258319	1	1
259464	1	1
259453	1	1
259456	1	1
259457	1	1
259458	1	1
260627	1	1
260627	4	1
260627	108	1
260627	128	1
260627	213	1
260627	575	1
253946	1	1
253952	1	1
254229	6	1
254380	8	1
254380	9	1
254415	1	1
254416	1	262139
254416	40	1
254608	1	1
254608	515	1
254608	656	1
257612	1	1
257613	1	1
260478	1	1
272612	1	0
272617	1	0
272674	1	0
272674	21	1
272761	1	1
251161	1	0
251167	1	1
251252	1	1
251493	1	0
251493	6	1
251499	1	1
251521	1	1
251548	1	0
251548	28	1
254280	1	1
254283	5	1
254283	9	1
254284	43	1
254437	1	1
254437	4	262139
254437	54	1
254437	65	1
254450	1	1
254458	1	1
256730	1	1
257487	1	1
257487	13	1
257821	1	1
257968	1	1
257968	7	1
257968	11	1
257968	12	1
258129	1	1
258129	17	1
258152	1	1
258155	1	1
258155	14	1
258156	1	1
258157	1	1
258210	1	1
258213	1	1
258213	12	1
258287	1	1
258434	1	1
258432	1	1
258440	1	1
258442	1	1
258443	1	1
258444	1	1
258446	1	1
258448	1	1
258656	1	1
258656	70	1
258690	1	1
259721	1	1
272760	1	0
272760	11	1
272774	1	0
272774	10	1
272771	1	0
272771	4	1
272775	1	1
272775	119	1
272775	125	1
272776	1	1
272776	37	1
272776	48	1
272829	1	1
272828	1	1
272828	50	1
272827	1	0
272827	12	1
256925	1	1
256926	1	1
256926	41	1
260571	1	1
260568	None	1
260572	1	1
260576	1	1
260577	1	1
260570	1	1
260575	1	1
272922	1	0
272922	19	1
272924	1	1
272927	1	1
272927	11	1
272927	64	1
272929	None	1
272930	1	1
272930	17	1
272930	156	0
272930	160	1
272921	1	0
272923	1	1
272925	None	1
272926	1	1
272936	1	1
272935	1	0
272935	5	1
272935	30	0
272935	66	1
273017	1	0
273017	11	1
273063	1	1
273012	1	0
273012	5	0
273013	1	1
273136	1	0
273136	4	1
251163	1	1
251562	1	1
251604	1	0
251604	16	1
251633	5	65537
251635	31	65537
256865	1	1
256866	1	1
256867	1	1
256867	26	1
256867	55	1
256867	56	1
256868	1	1
256868	382	1
256869	1	1
256924	1	1
256924	11	1
257682	1	1
257682	75	1
257751	1	1
258174	1	1
258174	22	1
258174	161	1
258175	1	1
258177	1	1
258211	1	1
258214	1	1
258215	1	1
258282	1	1
272907	1	0
272907	12	1
272908	1	0
272908	5	1
273006	1	0
273006	4	0
273138	1	1
273150	1	0
273150	4	1
273150	40	1
273143	1	1
273145	1	1
273142	None	1
273146	1	1
273158	1	1
273158	17	1
273158	32	1
273276	1	0
253887	43	1
254279	1	1
254279	5	1
254279	9	1
254279	10	1
256842	1	1
256842	6	1
258742	1	1
258749	1	1
258750	1	1
258959	1	1
258959	12	1
272681	1	0
272681	11	1
272682	1	0
272680	1	1
272680	13	1
272728	1	0
272728	58	0
272728	104	1
272729	1	1
272746	1	0
272747	1	0
272748	1	0
272748	9	1
272750	1	1
272762	1	1
272786	1	1
272787	1	1
272782	1	0
272782	48	1
272785	1	1
272784	1	1
272783	1	1
272798	1	1
272798	90	1
272791	1	0
272791	21	1
272809	1	0
272814	1	0
272818	1	1
272807	1	0
272812	1	1
272816	1	1
272811	1	1
272815	1	0
272815	6	1
254282	6	1
254282	9	1
254289	1	1
256935	1	1
256935	2	1
256936	1	1
256941	1	1
257024	1	1
257398	1	1
257399	1	1
257460	1	1
257490	1	1
257529	1	1
257529	4	1
257529	11	1
257529	12	1
257598	1	1
257599	2	1
258335	1	1
258403	1	1
258403	9	1
258403	18	1
258403	19	1
258423	1	1
258425	1	1
258427	1	1
258428	1	1
258703	1	1
258703	262	1
260583	1	1
260583	3	1
254230	1	1
254230	21	1
254232	1	1
256629	1	1
256630	1	1
256672	1	1
256672	7	1
256673	1	1
251522	1	1
251523	1	1
251559	1	0
251559	65	1
251560	1	1
251561	1	1
251612	1	0
251612	11	1
251636	1	65537
251640	1	1
254293	1	1
254294	1	1
254308	1	1
254310	1	1
254362	1	1
257027	1	1
257397	1	1
257400	1	1
257824	1	1
258310	1	1
272023	1	0
251121	1	65537
253947	1	1
253948	1	1
253950	1	1
253954	1	1
253954	6	1
254226	18	1
254290	1	1
254292	1	1
254306	1	1
254306	7	1
254306	10	1
254306	11	1
254307	1	1
257805	1	1
259636	1	1
259636	2	1
259636	6	1
259636	7	1
259636	51	1
259637	1	1
259637	4	1
259686	1	1
259683	1	1
259685	1	1
259685	400	1
259682	1	1
259681	1	1
259681	5	1
260533	1	1
260534	1	1
260538	1	1
260532	1	1
260532	686	1
260510	1	262139
260510	19	1
260528	1	1
260540	1	1
260536	1	1
260507	1	262139
260541	1	1
260527	1	1
260593	1	1
260593	3	1
260593	7	1
260593	8	1
260727	1	1
260722	None	1
260723	None	1
251637	1	65537
251638	1	0
251638	6	1
251638	8	0
251638	9	1
251643	1	1
251721	1	1
251721	3	1
251721	90	1
251721	98	1
251864	1	1
251864	20	1
252126	5	1
252126	6	1
252126	31	1
253886	8	1
253886	11	1
253888	76	1
253890	104	1
253890	161	1
253890	204	1
253890	240	1
253890	253	1
253943	1	1
254368	1	1
254453	1	1
254530	1	1
254530	4	1
254530	6	1
254530	7	1
254532	1	1
254852	1	1
254852	55	1
259626	1	1
259626	98	1
259811	1	1
259820	1	1
259820	16	1
259820	18	1
259820	19	1
259820	87	1
259818	1	1
259821	1	1
259810	1	1
259810	112	1
259810	227	1
259812	1	1
259813	1	1
259809	1	1
259817	1	1
259822	1	1
259822	75	1
259822	232	1
259822	233	1
251164	7	1
251251	1	1
251251	2	1
253944	1	1
253944	10	1
254231	1	1
254607	1	1
254607	6	1
256734	1	1
256843	1	1
257645	1	1
257825	1	1
258125	1	1
258692	1	1
258694	1	1
258705	1	1
258706	1	1
258712	1	1
258713	1	1
258714	1	1
258741	1	1
259884	1	1
259884	11	1
259884	41	1
259884	82	1
259884	115	1
259891	1	1
259890	1	1
259890	23	1
251781	1	1
251781	16	1
252102	1	1
252102	3	1
252116	1	1
252116	34	1
252116	43	262139
252116	91	1
254459	1	1
254512	1	1
256727	1	1
256796	1	1
256798	1	1
257025	1	1
258445	1	1
258655	1	1
258655	6	1
258655	10	1
258702	1	1
251642	1	1
251883	1	1
251883	6	1
251883	70	1
253951	5	1
254227	1	1
254285	65	1
254285	296	1
254316	127	1
254319	53	1
254331	6	1
254332	12	1
254332	14	262139
254332	73	1
254341	1	1
254342	1	1
254349	6	262139
254349	44	1
254367	1	1
254451	1	1
254454	1	1
254455	1	1
254456	1	1
254457	1	1
254511	1	1
254511	7	1
254907	1	1
256677	1	1
256728	1	1
256729	1	1
256733	1	1
257393	1	1
257395	1	1
257396	1	1
257531	1	1
257611	1	1
257614	1	1
257644	1	1
257732	2	1
257748	1	1
257818	1	1
257969	1	1
258126	1	1
258136	1	1
258311	1	1
258745	1	1
260373	1	1
260371	1	1
260366	1	1
251496	1	1
251496	227	1
251496	243	1
251497	1	1
251498	1	1
251500	1	1
257721	1	1
257721	23	1
257722	1	1
257723	1	1
257735	1	1
257735	3	1
257735	4	1
257735	5	1
257750	1	1
257819	1	1
257822	1	1
259857	1	1
259857	3	1
259861	1	1
259862	1	1
259862	271	1
259859	1	1
251162	32	0
251162	46	1
251162	52	1
251168	1	1
251244	1	0
251244	8	1
251491	1	0
251716	1	1
254309	1	1
254313	10	1
254314	42	1
254315	72	1
254317	1	1
254318	24	1
254340	1	1
254340	7	1
254340	13	262139
254340	42	1
256675	1	1
256676	1	1
256725	1	1
256725	3	1
256801	1	1
257026	1	1
257394	1	1
257823	1	1
258158	1	1
258320	1	1
258334	1	1
258426	1	1
260426	1	1
260427	1	1
260427	58	1
260439	1	1
260425	1	1
260424	1	1
260422	1	1
260433	1	1
260431	1	1
260423	1	1
260608	None	1
273408	1	1
273408	4	1
273410	1	1
273402	1	0
273402	10	1
273402	46	1
273402	59	1
273402	79	1
273402	190	1
273402	255	1
273403	1	1
273405	1	1
273407	None	1
273409	1	1
273412	1	1
273406	1	1
273411	1	1
273404	1	1
273554	1	0
273554	63	1
273555	1	1
273730	1	1
273730	287	1
273730	295	1
273730	1491	1
273725	1	0
273725	7	1
273725	109	1
273725	1224	1
273728	1	1
274317	1	1
274315	1	1
274319	1	1
274314	1	1
274316	1	1
274318	1	1
274373	1	1
274421	1	1
274422	1	1
274422	363	1
274422	1159	1
274422	1734	1
274420	1	1
274958	1	1
274959	1	1
274953	1	1
274953	11	1
274954	1	1
274954	31	1
274955	1	1
274957	1	1
274957	4	1
274957	11	0
274957	14	1
275832	1	1
275832	202	1
275846	1	1
275834	1	1
275834	170	1
275835	1	1
275841	1	1
275837	1	1
275828	1	1
275836	1	1
275836	769	1
275829	1	1
275831	1	1
275833	1	1
275838	1	1
275847	1	1
275847	671	1
274249	1	1
274251	1	1
274251	273	1
274250	1	1
274278	1	1
274334	1	0
274334	5	1
274336	1	1
274344	1	0
274344	6	1
274344	35	1
274344	398	1
274335	1	1
274339	1	1
274345	1	1
274337	1	1
274338	1	1
274338	38	1
274382	1	1
274889	1	1
274917	1	1
274909	1	1
274904	1	1
274895	1	1
274888	1	1
274913	1	1
274905	1	1
274894	1	1
274999	1	1
274999	218	1
274998	1	1
274998	61	1
275000	1	1
275001	1	1
275001	1086	1
275021	1	1
275030	1	1
275035	1	1
275034	1	1
275062	1	1
275059	1	1
275059	67	1
275059	89	1
275068	1	1
275068	826	1
275064	1	1
275074	1	1
275067	1	1
275067	288	1
275073	1	1
275073	8	1
275063	1	1
275063	10	1
275066	1	1
275134	1	1
275865	1	1
275865	42	1
273394	None	1
273502	1	0
273502	15	1
273503	1	1
273504	1	0
273523	1	1
273514	1	1
273514	21	1
273526	1	1
273526	8	1
273537	1	1
274102	1	1
274104	1	1
274104	36	1
274103	1	1
274106	1	1
274107	1	1
274108	1	1
274105	1	1
275124	1	1
275124	85	1
275124	309	1
275125	1	1
275125	757	1
275337	1	1
275319	1	1
275319	142	1
275319	280	1
275326	1	1
275338	1	1
275338	256	1
275370	1	1
275370	65	1
275371	1	1
275371	36	1
275752	1	1
275767	1	1
275757	1	1
275763	1	1
275774	1	1
275774	232	1
275765	1	1
275773	1	1
275772	1	1
275777	1	1
275768	1	1
275776	1	1
275778	1	1
275782	1	1
275782	4	1
275759	1	1
275761	1	1
275769	1	1
273424	1	0
273424	6	1
273425	1	0
273425	8	1
273425	54	1
273425	61	1
273426	1	1
273589	1	1
273592	1	1
273590	1	1
274748	1	0
274799	1	0
274733	1	0
274656	None	1
274806	1	1
274806	11	1
274806	14	1
275310	1	1
275310	1932	1
275308	1	1
275309	1	1
275309	380	1
273286	1	0
273295	1	1
273301	1	1
273302	1	1
273290	1	0
273290	4	1
273290	13	1
273291	1	1
273292	1	1
273296	1	1
273296	14	1
273287	1	0
273287	44	1
273294	None	1
273299	1	1
273443	1	0
273443	25	1
273440	1	0
273440	5	0
273447	1	1
273446	1	1
273450	1	1
273433	1	1
273442	1	0
273442	5	0
273445	1	1
273432	None	1
273449	1	0
273449	7	1
273429	1	1
273444	None	1
273448	1	1
273448	379	1
273492	1	0
273492	30	1
273492	41	1
273492	55	1
273493	1	0
273493	4	1
273494	1	1
274083	1	1
274081	1	1
274303	1	1
274877	1	1
274877	5	0
274877	69	1
274945	1	1
274943	1	1
274982	1	1
274985	1	1
274983	1	1
274990	1	1
274990	4	1
274990	15	1
275045	1	1
275046	1	1
275260	1	1
275189	1	1
275234	1	1
275284	1	1
275285	None	1
275283	1	1
275291	1	1
275291	278	1
275282	1	1
275282	141	1
275290	1	1
275292	1	1
275286	1	1
275289	1	1
275293	1	1
275311	1	1
275375	1	1
275375	81	1
275375	250	1
275375	1181	1
275376	1	1
275376	1971	1
275376	3014	1
274094	1	1
274172	1	0
274172	7	1
274172	55	1
274169	1	1
274171	1	0
274170	1	0
274170	7	1
274197	1	0
274197	4	1
274200	1	0
274200	5	1
274200	74	1
274198	1	1
274198	115	1
274199	1	1
274199	14	1
274236	1	0
274236	8	1
274243	1	0
274240	1	1
274239	1	1
274244	1	0
274244	15	1
274244	152	1
274241	1	1
274241	442	1
274241	853	1
274968	1	1
274968	8	1
274968	270	1
274968	277	1
274968	314	1
274971	1	1
274970	1	1
274966	1	1
274966	32	1
274966	61	1
274967	1	1
274969	1	1
274969	115	1
275451	1	1
275420	1	1
275588	1	1
275588	3	1
275601	1	1
275603	1	1
275674	1	1
275764	1	1
275764	19	1
275766	1	1
275781	1	1
275781	4	1
275781	15	1
275783	1	1
275783	1256	1
275758	1	1
275760	1	1
273373	1	0
273373	11	1
273385	1	0
273385	7	0
273383	None	1
273386	1	0
273386	4	0
274080	1	1
274079	1	0
274079	8	1
274125	1	0
274161	1	1
274159	1	1
274157	1	0
274157	20	1
274157	355	0
274157	359	1
274157	484	1
274160	1	1
274282	1	1
274284	1	1
274283	1	1
274285	1	1
274286	1	1
274440	1	1
274441	1	1
274441	333	1
274443	1	1
274442	1	1
274868	1	1
274861	1	1
274880	1	1
275476	1	1
275658	1	1
275658	211	1
275658	232	1
275656	1	1
275656	113	1
275657	1	1
275657	9	1
275657	49	1
275659	1	1
274087	1	1
274088	1	1
274142	1	1
274147	1	1
274146	1	0
274146	4	1
274387	1	1
274388	1	1
274388	756	1
274388	1755	1
274981	1	1
274980	1	1
275344	1	1
275344	77	1
275345	1	1
194076	1	1
194076	564	1
195947	1	0
195947	3	1
195948	1	1
196351	1	1
196351	37	1
196351	50	1
196364	1	1
196364	815	1
200229	1	1
200229	85	1
202973	1	1
202973	1312	1
205777	1	1
206605	1	1
208352	1	1
208395	1	1
276453	1	1
276453	42	1
276454	1	1
276454	8	1
276457	1	1
276437	1	1
276437	240	1
276437	762	1
276437	1882	1
276458	1	1
276458	233	1
276455	1	1
276456	1	1
278308	1	1
278308	325	1
278308	986	1
278308	1330	1
278310	1	1
278310	674	1
278309	1	1
279716	1	1
279716	30	1
279716	353	1
279716	1271	1
279715	1	1
279715	197	1
279715	531	1
280239	1	1
280235	1	1
280236	1	1
280238	1	1
280241	1	1
280249	1	1
280249	58	1
280249	406	1
280249	1268	1
280233	1	1
280240	1	1
280242	1	1
280242	10	1
280242	86	1
280242	242	1
280242	510	1
280251	1	1
280234	1	1
281565	1	1
281624	1	1
281626	1	1
281632	1	1
281639	1	1
281639	23	1
281639	32	1
281639	111	1
281641	1	1
281641	3	1
281641	24	1
281641	33	1
281641	36	1
281641	139	1
281636	1	1
281636	5	1
281637	1	1
281638	1	1
281638	18	1
281638	21	1
281674	1	1
281674	11	1
281674	15	1
281689	1	1
281671	1	1
281693	1	1
281693	11	1
281693	194	1
281693	420	1
281693	615	1
281693	900	1
281693	1721	1
281685	1	1
281658	1	1
281686	1	1
281663	1	1
281663	116	1
281663	121	1
281662	1	1
281691	1	1
281680	1	1
281680	9	1
281659	1	1
281727	1	1
281727	526	1
281727	1529	1
281726	1	1
281726	42	1
281707	1	1
281707	99	1
281707	102	1
281707	151	1
281707	156	1
281707	193	1
281707	322	1
281707	475	1
281707	684	1
281707	873	1
204100	1	1
204100	144	1
204545	1	1
204545	94	1
205667	1	1
205667	202	1
207328	1	0
207889	1	1
207889	33	1
276586	1	1
276586	24	1
276581	1	1
276581	330	1
276582	1	1
276582	443	1
276583	1	1
276584	1	1
276585	1	1
276587	1	1
276835	1	1
276837	1	1
276831	1	1
276831	125	1
276831	665	1
276831	1485	1
276834	1	1
276834	411	1
276824	1	1
276832	1	1
276832	6	1
276836	1	1
276830	1	1
279080	1	1
279080	80	1
279588	1	1
279588	206	1
279588	208	1
279588	281	1
279588	464	1
279588	706	1
279588	990	1
281588	1	1
281588	17	1
281589	1	1
281731	1	1
281797	1	1
281797	185	1
281797	386	1
281797	564	1
281797	776	1
281797	984	1
281797	1211	1
281797	2169	1
281824	1	1
281885	1	1
281964	1	1
281976	1	1
281976	203	1
281976	311	1
281976	531	1
281976	710	1
281976	1077	1
281976	1111	1
281976	1119	1
281976	1242	1
281976	1362	1
281976	2058	1
281975	1	1
281975	27	1
281975	166	1
281974	1	1
281974	16	1
190662	1	1
191202	1	1
193334	1	1
193917	1	1
195014	1	1
195015	1	1
195749	1	1
200091	1	0
200091	2	1
200091	701	1
206207	1	0
206207	3	1
206207	148	1
206550	1	1
206550	76	1
207316	1	1
276326	1	1
276318	1	1
276318	350	1
276317	1	1
276327	1	1
276327	56	1
276315	1	1
276315	126	1
276870	1	1
276870	78	1
276870	137	1
276870	488	1
276870	1040	1
276870	1803	1
276864	1	1
276935	1	1
276935	81	1
276935	265	1
276935	483	1
276935	496	1
276935	604	1
278273	1	1
278273	67	1
278273	84	1
278274	1	1
281010	1	1
281117	1	1
281117	10	1
281393	1	1
281393	8	1
281419	1	1
281419	8	1
281439	1	1
281382	1	1
281382	6	1
281443	1	1
281454	1	1
281454	3	1
281398	1	1
281398	4	1
281403	1	1
281403	11	1
282033	1	1
282033	81	1
282033	111	1
282033	115	1
282034	1	1
282035	1	1
282035	12	1
282035	34	1
282037	1	1
282037	15	1
282037	67	1
282037	203	1
282037	426	1
282037	645	1
282037	865	1
282037	1490	1
282036	1	1
194314	1	1
195644	1	1
205627	1	1
205627	123	1
276659	1	1
276659	3	1
276655	1	1
276655	828	1
276653	1	1
276653	74	1
276653	541	1
276886	1	1
276922	1	1
276923	1	1
277096	1	1
277096	8	1
277096	556	1
277096	1319	1
277093	1	1
277093	60	1
277094	1	1
277094	253	1
277112	1	1
277112	38	1
277305	1	1
277305	116	1
277305	319	1
277305	681	1
279298	1	1
279296	1	1
279289	1	1
279297	1	1
280186	1	1
280194	1	1
280194	14	1
280191	1	1
280191	205	1
280191	406	1
280191	728	1
280187	1	1
280187	16	1
280190	1	1
280188	1	1
280188	66	1
280188	219	1
280182	1	1
280181	1	1
280192	1	1
280193	1	1
280185	None	1
280189	1	1
282092	1	1
282092	4	1
282092	96	1
282092	111	1
282092	248	1
282092	429	1
282092	598	1
282092	815	1
282092	1074	1
282092	1836	1
282175	1	1
282175	10	1
282194	1	1
282190	1	1
282181	1	1
282184	1	1
282188	1	1
195913	1	1
195930	1	1
195930	150	1
195936	1	1
196131	1	1
196497	1	1
198022	1	0
198022	73	1
198022	101	1
198022	109	1
198022	113	1
202205	1	1
202205	93	1
202207	1	1
202208	1	1
202209	1	1
202237	1	1
202237	102	1
202237	986	1
205310	1	1
205310	75	1
205718	1	1
205718	168	1
205718	703	1
206088	1	1
206088	93	1
206102	1	1
206102	60	1
206102	64	1
206102	83	1
206188	1	1
206868	1	1
206869	1	1
207885	1	1
277125	1	1
277127	1	1
277127	13	1
277127	356	1
277127	855	1
277126	1	1
277126	31	1
277580	1	1
277559	1	1
277981	1	1
277981	85	1
277992	1	1
277991	1	1
277991	7	1
278239	1	1
278239	79	1
278239	381	1
278240	1	1
278240	65	1
278240	778	1
278315	1	1
278315	233	1
278315	488	1
278572	1	1
278820	1	1
278820	22	1
278820	25	1
278820	106	1
278820	411	1
278820	645	1
278820	956	1
278821	1	1
278816	1	1
191419	1	1
191419	36	1
193123	1	1
195099	1	1
195110	1	1
195112	1	1
195113	1	1
195647	1	1
195748	1	1
198955	1	1
198955	351	1
199409	1	1
199409	616	1
200152	1	1
200160	1	1
200161	1	1
200174	1	1
200176	1	1
200177	1	1
200525	1	1
200525	749	1
200599	1	1
200600	1	1
200600	642	1
201611	1	1
201611	132	1
202092	1	1
202301	1	1
202303	1	1
202305	1	1
202314	1	1
202314	190	1
202328	1	1
202328	136	1
202331	1	1
202332	1	1
202333	1	1
202389	1	1
202389	127	1
202389	211	0
202469	1	1
202469	141	1
202471	1	1
202472	1	1
202476	1	1
202477	1	1
202478	1	1
202478	230	1
202504	1	1
202504	83	1
202504	735	1
202869	1	0
203833	1	1
203834	1	1
203835	1	1
203835	318	1
203853	1	1
203853	122	1
203894	1	1
203894	86	1
203894	485	1
203909	1	0
203909	3	1
203909	192	1
203981	1	1
203986	1	1
204803	1	1
205236	1	1
205236	3	1
205614	1	1
205683	1	1
205683	76	1
206897	1	1
206897	29	1
206901	1	1
206940	1	1
206940	596	1
207099	1	1
207099	150	1
207099	923	1
207100	1	1
207214	1	0
207214	14	1
207214	151	1
207217	1	1
207222	1	1
276525	1	1
276525	89	1
276525	620	1
276525	1490	1
276527	1	1
276528	1	1
276528	328	1
276808	1	1
276808	512	1
276811	1	1
276811	216	1
276811	2170	1
276807	1	1
276807	158	1
276810	1	1
278072	1	1
278167	1	1
278167	86	1
278167	431	1
278167	1098	1
278175	1	1
278175	4	1
278175	63	1
193093	1	1
193093	16	1
194116	1	1
194428	1	1
195016	1	1
195016	440	1
195265	1	1
196099	1	1
199868	1	1
199875	1	1
199877	1	1
199960	1	1
199961	1	1
199961	188	1
199967	1	1
199973	1	1
200041	1	1
200041	652	1
201191	1	0
201191	7	1
201191	88	1
201191	140	1
201191	875	1
201676	1	1
201678	1	1
201708	1	1
201727	1	1
201727	78	1
203992	1	1
207488	1	1
207714	1	0
207714	4	1
207714	71	0
208307	1	1
208307	11	1
208307	630	1
278817	1	1
278819	1	1
278822	1	1
278822	218	1
278822	1472	1
278822	1504	1
279207	None	1
279205	None	1
279479	1	1
279479	32	1
279479	124	1
279488	1	1
279487	1	1
279487	36	1
279487	38	1
279487	55	1
279489	1	1
279484	1	1
279480	1	1
279480	4	1
279546	1	1
279557	1	1
279539	1	1
279538	1	1
279538	5	1
279553	1	1
193922	1	1
194051	1	1
195109	1	1
195111	1	1
195115	1	1
195163	1	1
195664	1	1
195664	2	1
195747	1	1
195747	6	1
195747	7	1
195927	1	1
196107	1	1
196197	1	0
196197	3	1
196199	1	1
196203	1	1
196353	1	1
196458	1	1
199703	1	1
199739	1	0
199739	3	1
199745	1	1
199751	1	1
199752	1	1
199753	1	1
199754	1	1
199754	11	1
200187	1	1
200228	1	1
201807	1	1
201808	1	1
201810	1	1
202876	1	0
202909	1	0
207515	1	0
207515	3	1
207515	213	1
207515	1072	1
277202	1	1
277202	46	1
277194	1	1
277194	336	1
277194	711	1
277194	1275	1
277194	2028	1
277201	1	1
277863	1	1
277861	1	1
277860	1	1
277862	1	1
277864	1	1
279543	1	1
279584	1	1
279667	1	1
279667	107	1
279667	145	1
279667	310	1
279667	584	1
279667	785	1
279691	1	1
279691	94	1
279694	1	1
279694	44	1
279694	248	1
279694	524	1
279694	745	1
279694	1036	1
279694	1913	1
280952	1	1
280953	1	1
280958	1	1
280960	1	1
280946	1	1
195655	1	1
199804	1	1
199804	561	1
200042	1	1
200049	1	1
200049	320	1
201803	1	1
201805	1	1
203742	1	1
204564	1	1
204564	436	1
204566	1	1
205214	1	1
205233	1	0
205233	5	1
205235	1	1
205599	1	1
205834	1	1
275963	1	1
278337	1	1
278322	1	1
279794	1	1
279794	79	1
279794	157	1
279794	341	1
279794	628	1
279794	870	1
280955	1	1
280938	1	1
280948	1	1
280947	1	1
281084	1	1
281085	1	1
281165	1	1
281155	1	1
281166	1	1
281166	5	1
281167	1	1
190688	1	1
190688	4	1
200178	1	1
201005	1	1
201005	49	1
201097	1	1
201097	500	1
201113	1	1
201114	1	1
201173	1	1
201174	1	1
201174	415	1
201176	1	1
201624	1	1
201624	176	1
201625	1	1
201625	738	1
201692	1	1
201692	130	1
201705	1	1
201705	79	1
201706	1	1
204600	1	1
204797	1	1
205193	1	0
205193	4	1
205193	61	1
205193	65	1
205193	100	1
205193	805	1
205217	1	1
205237	1	1
205238	1	1
205238	164	1
205303	1	1
205303	38	1
205344	1	1
205344	377	1
205515	1	1
205515	84	1
206066	1	0
206066	6	1
206066	134	1
206304	1	1
206389	1	0
206389	4	1
206389	124	1
206390	1	1
206391	1	1
206446	1	0
206446	5	1
206446	147	1
206446	967	1
206466	1	1
206466	79	1
206476	1	1
206575	1	1
206744	1	1
206744	51	1
206859	1	0
206859	3	1
206859	162	1
206866	1	1
206866	216	1
207269	1	0
207269	4	1
207269	88	1
207273	1	1
207273	310	1
278018	1	1
278018	195	1
278018	702	1
278017	1	1
278017	429	1
278017	455	1
278769	1	1
278770	1	1
278770	42	1
278770	435	1
278770	645	1
279071	1	1
279071	70	1
279071	158	1
279073	1	1
279072	1	1
279115	1	1
279115	123	1
279115	216	1
279115	248	1
279115	295	1
279115	351	1
279115	564	1
279116	1	1
279116	163	1
279116	391	1
279654	1	1
279654	14	1
279654	306	1
279654	506	1
279654	831	1
279658	1	1
279658	173	1
279657	1	1
279653	1	1
279656	1	1
280361	1	1
280327	1	1
280330	1	1
280330	187	1
280330	470	1
280330	690	1
280363	1	1
280363	3	1
280363	5	1
280363	243	1
280349	1	1
280349	151	1
280349	471	1
280349	481	1
280364	1	1
280364	1202	1
280362	1	1
281090	1	1
281089	1	1
281088	1	1
281145	1	1
281164	1	1
281178	1	1
281178	22	1
281156	1	1
281189	1	1
281201	1	1
281242	1	1
281280	1	1
281222	1	1
281209	1	1
281285	1	1
281286	1	1
281286	5	1
281213	1	1
281213	17	1
281256	1	1
281256	14	1
281216	1	1
281200	1	1
281202	1	1
281265	1	1
281227	1	1
281207	1	1
281208	1	1
190462	1	1
190591	1	1
190591	12	1
191090	1	1
191090	56	0
193998	1	1
195013	1	1
195776	1	1
195776	426	1
195868	1	1
195915	1	1
195917	1	1
195919	1	1
195925	1	1
195970	1	0
195970	2	1
200991	1	1
200991	550	1
201200	1	1
201200	157	1
201229	1	1
201229	54	1
201658	1	1
201658	3	1
201668	1	1
201668	107	1
201671	1	1
201671	559	1
201679	1	1
203991	1	1
203994	1	1
204553	1	1
205111	1	0
205111	4	1
205111	89	1
205111	92	1
205111	114	1
205611	1	1
205826	1	1
205826	85	1
205908	1	1
205921	1	1
205921	25	1
206258	1	1
206297	1	0
206297	4	1
206302	1	1
206302	35	1
206539	1	1
206939	1	0
206939	4	1
206939	34	1
207219	1	1
207219	4	1
207220	1	1
207371	1	1
207371	72	1
207397	1	1
207397	29	1
207397	32	1
207397	60	1
207477	1	1
207477	178	1
278270	1	1
278270	9	1
280226	1	1
280226	23	1
280384	1	1
280384	15	1
280385	1	1
280385	178	1
280385	466	1
280385	631	1
280385	1011	1
280385	2002	1
280383	1	1
280383	68	1
281231	1	1
281231	7	1
190492	1	1
191421	1	1
193928	1	1
194108	1	1
194108	821	1
194224	1	1
199862	1	1
199863	1	1
199864	1	1
199867	1	1
199867	87	1
200992	1	1
201115	1	1
201159	1	0
201159	4	1
201164	1	1
201168	1	1
201168	198	1
201554	1	1
201554	93	1
202000	1	0
202000	18	1
202084	1	1
202084	87	1
205519	1	1
205519	281	1
275918	1	1
275920	1	1
275920	13	1
275923	1	1
275911	1	1
275911	259	1
275912	1	1
275912	261	1
275931	1	1
275913	1	1
275921	1	1
275922	1	1
276094	1	1
276093	1	1
276097	1	1
276097	107	1
276095	1	1
276092	1	1
276096	1	1
278287	1	1
278288	1	1
278288	74	1
278289	1	1
278290	1	1
279304	None	1
279311	None	1
280307	1	1
280307	41	1
190488	1	1
194270	1	1
195114	1	1
198207	1	1
198208	1	1
198210	1	1
198212	1	1
198212	264	1
198213	1	1
198215	1	1
200180	1	1
200185	1	1
200186	1	1
200188	1	1
200960	1	0
200960	8	1
200976	1	1
201815	1	1
202299	1	1
202299	165	1
203912	1	1
203912	382	1
206573	1	1
206594	1	1
206594	108	1
206596	1	1
206596	324	1
207279	1	1
207279	69	1
207279	902	1
207883	1	1
207884	1	1
207886	1	1
208302	1	1
208538	1	1
276186	1	1
276190	1	1
276183	1	1
276185	1	1
276181	1	1
278395	1	1
278406	1	1
278406	183	1
278406	477	1
278406	650	1
278406	1017	1
278957	1	1
278954	1	1
279887	1	1
279887	65	1
279887	78	1
279887	298	1
281103	1	1
281103	23	1
281130	1	1
281130	27	1
281131	1	1
281508	1	1
281508	89	1
281590	1	1
194790	1	1
195950	1	1
195950	849	1
196048	1	1
196094	1	1
196097	1	1
196201	1	1
196433	1	1
198214	1	1
198269	1	1
198271	1	1
198271	463	1
198346	1	1
198372	1	1
198485	1	1
198486	1	1
198487	1	1
198487	451	1
198522	1	1
198898	1	0
198898	3	1
198898	125	1
198941	1	1
199103	1	0
199103	56	1
199428	1	1
199428	595	1
201197	1	1
204511	1	1
204555	1	1
204599	1	0
204599	3	1
204599	143	1
204792	1	1
204792	5	0
205158	1	0
205158	3	1
205158	102	1
205311	1	1
205311	168	1
205339	1	1
205339	75	1
205618	1	1
206210	1	1
206210	486	1
206243	1	0
206243	3	1
206243	165	1
206243	909	1
206245	1	1
206246	1	1
206257	1	1
206301	1	1
206303	1	1
206478	1	1
206512	1	0
206512	2	1
206512	96	1
206512	883	1
208341	1	1
208341	407	1
208407	1	1
208428	1	1
208429	1	1
208487	1	1
208487	40	1
208540	1	1
208540	13	1
208541	1	1
208553	1	1
208686	1	0
208686	6	1
208686	148	1
277148	1	1
277148	84	1
277148	395	1
277168	1	1
277168	9	1
277168	267	1
277168	973	1
277166	1	1
277166	102	1
277166	193	1
278873	1	1
278873	76	1
278873	95	1
278874	1	1
278874	53	1
278874	197	1
278874	404	1
278875	1	1
278875	219	1
278875	224	1
278875	422	1
278875	424	1
278875	533	1
281546	1	1
281545	1	1
281545	11	1
281611	1	1
194535	1	1
196438	1	1
196438	521	1
196509	1	1
196531	1	1
198202	1	1
198211	1	1
198229	1	0
198229	5	1
198230	1	1
198249	1	1
198954	1	1
198969	1	1
198969	673	1
199008	1	1
199011	1	1
199318	1	1
199319	1	1
199319	686	1
199336	1	1
199356	1	1
199429	1	1
199435	1	1
199435	590	1
199436	1	1
199436	642	1
199563	1	1
199564	1	1
199565	1	1
199566	1	1
199567	1	1
199568	1	1
199569	1	1
199569	354	1
199570	1	1
199571	1	1
199572	1	1
199573	1	1
199574	1	1
199608	1	1
199608	602	1
199608	2267	1
199698	1	0
199698	10	1
199701	1	1
200601	1	1
202091	1	1
203780	1	1
203830	1	0
203830	5	1
203830	86	1
203832	1	1
204113	1	1
204113	183	1
204238	1	1
204238	38	1
205694	1	1
205694	94	1
207875	1	1
207875	2	0
207882	1	1
207882	38	1
208535	1	1
208551	1	1
208551	105	1
208551	290	1
208552	1	1
209089	1	1
209089	8	1
209089	35	1
209089	39	1
209106	1	1
209106	42	1
209109	1	1
209146	1	0
209146	3	1
209148	1	1
209151	1	1
209151	311	1
276494	1	1
276495	1	1
276502	1	1
276501	1	1
276501	354	1
276501	821	1
276501	1849	1
277180	1	1
277180	93	1
277180	147	1
277420	1	1
277420	73	1
277420	78	1
277420	84	1
277420	237	1
277847	1	1
278001	1	1
277998	1	1
281612	1	1
281613	1	1
281613	108	1
281613	123	1
281613	131	1
281613	141	1
281613	157	1
281613	170	1
281613	178	1
281613	185	1
281613	193	1
281613	200	1
281613	206	1
281613	212	1
281613	219	1
281613	228	1
281613	237	1
281613	242	1
281616	1	1
281616	3	1
281616	15	1
281616	228	1
281616	236	1
281616	251	1
281616	263	1
281616	271	1
281616	366	1
190490	1	1
190491	1	1
190592	1	1
190592	4	1
190593	1	1
190595	1	1
190661	1	1
190663	1	1
190678	1	1
190679	1	1
190702	1	1
190702	67	1
190703	1	1
190704	1	1
190705	1	1
190705	95	1
190706	1	1
190706	9	1
190707	1	1
190708	1	1
190906	1	1
190945	1	1
190949	1	1
190949	82	0
191043	1	1
191242	1	1
191247	1	1
191248	1	1
191264	1	1
191264	13	1
191264	76	1
191271	1	1
191276	1	1
191367	1	1
191367	3	0
191387	1	1
191387	3	0
191404	1	1
191406	1	1
191411	1	1
191694	1	1
191695	1	1
191697	1	1
191700	1	1
191701	1	1
191718	1	1
191720	1	1
191721	1	1
191723	1	1
191810	1	1
191811	1	1
191830	1	1
191832	1	1
191833	1	1
193112	1	0
193112	20	1
193112	54	0
193115	1	1
193116	1	0
193124	1	1
193124	8	1
193192	1	1
193192	31	1
193192	39	0
193192	51	1
193193	1	1
193207	1	1
193336	1	1
193336	608	1
193621	1	1
193833	1	1
193834	1	1
193898	1	1
193904	1	1
193905	1	1
194150	1	1
194151	1	1
194151	498	1
194153	1	1
194199	1	1
194210	1	1
194210	422	1
194223	1	1
194303	1	1
194304	1	1
194305	1	1
194427	1	1
194429	1	1
194429	26	1
194439	1	1
194455	1	1
194464	1	1
194479	1	1
194480	1	1
194480	312	1
194702	1	1
194704	1	1
194704	382	1
194711	1	1
194897	1	1
194914	1	1
194914	3	1
194914	17	1
194914	21	1
194914	25	1
194915	1	1
195147	1	1
195164	1	1
195165	1	1
195249	1	1
195251	1	1
191046	1	1
191056	1	1
191057	1	1
191057	10	1
191062	1	1
191226	1	1
191226	38	1
193999	1	1
194027	1	1
194052	1	1
195303	1	1
195304	1	1
195378	1	1
195378	3	1
195378	1301	1
195379	1	1
195399	1	1
195522	1	1
195523	1	1
195524	1	1
195527	1	1
195528	1	1
195529	1	1
195530	1	1
195540	1	1
195551	1	1
195552	1	1
195552	1307	1
195633	1	1
195634	1	1
195656	1	1
195757	1	1
195758	1	1
195773	1	1
195774	1	1
195775	1	1
195841	1	1
195929	1	1
195937	1	1
195963	1	1
196019	1	0
196019	3	1
196023	1	1
196027	1	1
196046	1	1
196047	1	1
196090	1	1
196095	1	1
196096	1	1
196098	1	1
196103	1	1
196122	1	1
196122	4	1
196135	1	1
196200	1	1
196202	1	1
196218	1	1
196239	1	1
196239	835	1
196249	1	1
196250	1	1
196251	1	1
196252	1	1
196334	1	0
196334	3	1
196349	1	1
196350	1	1
196352	1	1
196357	1	1
196359	1	1
196361	1	1
196362	1	1
196363	1	1
196430	1	0
196430	2	1
196431	1	1
196432	1	1
196437	1	1
196452	1	0
196452	2	1
196453	1	1
196453	805	1
196495	1	0
196495	2	1
196501	1	1
196508	1	1
198023	1	1
198040	1	1
198041	1	1
198044	1	1
198045	1	1
198046	1	1
198047	1	1
198048	1	1
198049	1	1
198050	1	1
198063	1	1
198116	1	1
190482	1	1
190538	1	1
190538	3	1
190539	1	1
190710	1	1
190456	1	1
190456	9	1
190459	1	1
190459	5	1
190465	1	1
190645	1	1
190646	1	1
190659	1	1
190659	71	1
190733	1	1
190734	1	1
190735	1	1
190736	1	1
190738	1	1
190782	1	1
190895	1	1
191424	1	1
191693	1	1
191834	1	1
191837	1	1
191839	1	1
191842	1	1
191845	1	1
191849	1	1
191856	1	1
191857	1	1
191858	1	1
191859	1	1
193541	1	1
193556	1	1
193557	1	1
193575	1	1
193835	1	1
193836	1	1
193878	1	1
193919	1	1
193925	1	1
194050	1	1
194050	701	1
194050	1777	1
194075	1	1
194115	1	1
194115	713	1
194117	1	1
194119	1	1
194120	1	1
194120	334	1
194225	1	1
194315	1	1
194317	1	1
194424	1	1
194533	1	1
194619	1	1
194627	1	1
194631	1	1
194643	1	1
194644	1	1
194691	1	1
194699	1	1
194712	1	1
194712	515	1
194735	1	1
194778	1	1
194785	1	1
194786	1	1
194787	1	1
194788	1	1
194789	1	1
194825	1	1
194896	1	1
194912	1	1
195266	1	1
195385	1	1
195387	1	1
195390	1	1
195396	1	1
195397	1	1
195398	1	1
195398	188	1
195398	1313	1
195526	1	1
195645	1	1
195649	1	1
195658	1	1
195658	49	1
195916	1	1
195918	1	1
195923	1	1
195926	1	1
191086	1	1
191201	1	1
191244	1	1
191277	1	1
191691	1	1
191691	67	1
191692	1	1
191692	20	1
191726	1	1
191800	1	1
191808	1	1
275887	1	1
275886	1	1
275886	8	1
275886	22	1
275886	25	1
275886	69	1
275890	1	1
275890	9	1
275890	504	1
198523	1	1
199021	1	1
199021	683	1
199699	1	1
199699	389	1
199833	1	1
199833	411	1
200075	1	0
200075	4	1
200466	1	1
200466	91	1
200466	142	1
200990	1	0
200990	5	1
201199	1	1
201202	1	1
201812	1	1
201813	1	1
201816	1	1
201824	1	1
202013	1	1
202014	1	1
202016	1	1
202016	203	1
202044	1	1
202044	116	1
202045	1	1
202045	340	1
202046	1	1
202047	1	1
202051	1	1
202088	1	1
203777	1	1
203778	1	1
203778	51	1
205666	1	1
205666	99	1
206187	1	1
206187	201	1
206199	1	1
206199	6	1
206484	1	0
206484	4	1
206484	224	1
206745	1	1
206745	349	1
206745	1965	1
207320	1	1
207398	1	1
207454	1	1
207454	138	1
207454	982	1
207468	1	1
207468	77	1
207491	1	1
207779	1	0
207788	1	1
207789	1	0
207790	1	0
207813	1	0
207813	3	0
207897	1	0
207897	2	1
207897	92	1
207905	1	0
207905	3	1
207905	74	1
207905	78	1
207905	136	1
207905	931	1
207920	1	1
207920	125	1
207921	1	1
207922	1	1
207922	15	1
207924	1	1
208299	1	1
208300	1	1
208303	1	1
208304	1	1
208339	1	1
208339	85	1
208351	1	1
208351	135	1
208353	1	1
208357	1	1
208357	90	1
208390	1	0
208390	4	1
208390	157	1
208391	1	1
208391	685	1
208406	1	1
208509	1	1
208509	60	1
276508	1	1
276765	1	1
276769	1	1
276776	1	1
276776	458	1
276794	1	1
276794	8	1
276794	413	1
276767	1	1
276775	1	1
276775	184	1
276775	780	1
277853	1	1
277854	1	1
277856	1	1
278509	1	1
278509	100	1
278509	191	1
278509	529	1
278509	691	1
278509	1044	1
279822	1	1
279823	1	1
279823	26	1
279823	50	1
279823	366	1
279931	1	1
279931	71	1
279931	74	1
279931	262	1
279931	521	1
279931	752	1
279931	1088	1
279931	1946	1
199834	1	1
199834	656	1
201366	1	1
201393	1	1
201418	1	1
201613	1	1
201718	1	1
201718	66	1
203836	1	1
203836	23	0
204484	1	1
204554	1	1
206331	1	1
206331	187	1
276235	1	1
276235	4	1
276237	1	1
276243	1	1
276242	1	1
276242	9	1
276242	465	1
276242	1385	1
276244	1	1
277277	1	1
277278	1	1
277279	1	1
277933	1	1
277932	1	1
277934	1	1
278136	1	1
278193	1	1
278193	3	1
278193	76	1
278193	122	1
278345	1	1
278345	309	1
278345	620	1
278346	1	1
278346	112	1
278349	1	1
278349	318	1
278349	325	1
278349	467	1
278366	1	1
278761	1	1
278761	5	1
278976	1	1
278969	1	1
278969	373	1
278969	644	1
278969	872	1
278969	1198	1
278975	1	1
278975	600	1
201669	1	1
201707	1	1
201707	579	1
201794	1	1
201802	1	0
201802	8	1
201802	172	1
201806	1	1
201809	1	1
201817	1	1
201818	1	1
201819	1	1
201819	231	1
202012	1	1
202012	58	1
202074	1	1
202074	85	1
202075	1	1
202075	616	1
202272	1	1
202272	79	1
202272	637	1
202304	1	1
202304	116	1
203739	1	1
203980	1	1
203985	1	1
206448	1	1
276044	1	1
276074	1	1
276063	1	1
276054	None	1
276071	1	1
276072	1	1
276049	1	1
276062	1	1
276064	1	1
276279	1	1
276282	1	1
276282	376	1
276282	971	1
276271	1	1
276276	1	1
276283	1	1
276283	778	1
276948	1	1
276942	1	1
276942	8	1
276947	1	1
276947	96	1
276950	1	1
276950	42	1
276950	881	1
276945	1	1
276940	1	1
276940	82	1
276940	123	1
276941	1	1
276944	1	1
276946	1	1
276946	9	1
277822	1	1
277826	1	1
277833	1	1
277827	None	1
277824	1	1
277820	1	1
277829	1	1
277832	1	1
277819	1	1
277835	1	1
277823	1	1
277816	1	1
277828	1	1
278765	1	1
278765	9	1
279682	1	1
279682	6	1
279683	1	1
279684	1	1
279685	1	1
279685	7	1
279685	10	1
279685	43	1
199812	1	1
199812	629	1
199832	1	1
200473	1	1
200473	498	1
200491	1	1
200515	1	1
200518	1	1
200532	1	1
201062	1	0
201062	3	1
201535	1	1
201535	12	1
201612	1	1
202087	1	1
202087	501	1
202093	1	1
202116	1	1
202178	1	1
202178	85	1
202178	664	1
203002	1	0
203002	4	1
203002	103	1
203002	766	1
203987	1	1
203987	310	1
204114	1	1
204114	259	1
204577	1	1
204577	633	1
204795	1	0
204795	90	1
205781	1	1
205833	1	0
205833	5	1
205833	168	1
206401	1	1
206401	181	1
206540	1	1
206541	1	1
207221	1	1
207231	1	1
207231	181	1
207231	985	1
207233	1	1
208392	1	1
208394	1	1
208397	1	1
208402	1	1
278474	1	1
278807	1	1
278802	1	1
278804	1	1
278800	1	1
278801	1	1
278805	1	1
278805	88	1
278805	285	1
278806	1	1
278803	1	1
278803	107	1
278808	1	1
278808	343	1
278808	1235	1
278962	1	1
278962	195	1
278963	1	1
278963	108	1
279681	1	1
279681	81	1
201193	1	1
201195	1	1
201196	1	1
206208	1	1
206208	231	1
208296	1	1
275958	1	1
275960	1	1
276434	1	1
276544	1	1
276545	1	1
276542	1	1
276542	321	1
276543	1	1
276543	29	1
276543	936	1
277087	1	1
277087	168	1
277076	1	1
277071	1	1
277069	1	1
277069	85	1
277069	89	1
277069	94	1
277075	1	1
277086	1	1
277070	1	1
277070	11	1
277070	39	1
277070	67	1
277070	323	1
277070	803	1
277072	1	1
277072	306	1
277073	1	1
277073	21	1
277081	1	1
277534	1	1
277536	1	1
277842	1	1
279966	1	1
279966	77	1
279966	275	1
279966	402	1
279975	1	1
279975	76	1
279975	87	1
279975	118	1
279975	279	1
279975	489	1
279975	749	1
279975	952	1
279967	1	1
279994	1	1
280014	1	1
280024	1	1
280006	1	1
280006	19	1
280015	1	1
280015	7	1
280015	82	1
280015	287	1
279990	1	1
280002	1	1
280007	1	1
280007	14	1
280020	1	1
279993	1	1
279993	89	1
280018	1	1
280018	160	1
280018	596	1
279991	1	1
280013	1	1
280021	1	1
280023	1	1
280016	1	1
280016	6	1
280019	1	1
280022	1	1
279995	1	1
280001	1	1
280017	1	1
198270	1	1
198272	1	1
200190	1	1
200243	1	1
201390	1	1
201419	1	1
201420	1	1
201729	1	1
201804	1	1
202086	1	1
202880	1	0
202972	1	1
202972	9	1
202972	530	1
204101	1	1
204506	1	1
204506	70	1
204541	1	0
204541	4	1
204541	83	1
204544	1	1
204576	1	1
204576	87	1
204601	1	1
204601	488	1
204798	1	1
204799	1	1
204800	1	1
204809	1	1
204812	1	1
205086	1	0
205086	4	1
205086	57	1
205604	1	1
205605	1	1
205690	1	1
206477	1	1
206477	6	1
206572	1	1
206572	39	1
206572	40	1
206574	1	1
206595	1	1
206598	1	1
206867	1	1
207299	1	1
207487	1	1
207487	26	0
207487	35	1
207487	144	1
207490	1	1
207490	38	1
207492	1	1
207517	1	1
207518	1	1
207898	1	1
208297	1	1
208298	1	1
208393	1	1
278419	1	1
278418	1	1
278417	1	1
278923	1	1
278923	348	1
278904	1	1
278922	1	1
278941	1	1
279085	1	1
279854	1	1
279861	1	1
279864	1	1
279845	1	1
279846	1	1
279846	11	1
279852	1	1
279857	1	1
279862	1	1
198268	1	1
201228	1	1
201278	1	1
201278	126	1
201278	790	1
201278	2193	1
201383	1	1
201384	1	1
201391	1	1
201602	1	1
201602	90	1
201657	1	1
202050	1	1
202054	1	1
202060	1	1
202060	79	1
202060	715	1
202090	1	1
202873	1	0
203709	1	1
204250	1	1
204250	104	1
204550	1	1
204551	1	1
204552	1	1
204563	1	0
204563	3	1
204563	94	1
204565	1	1
204567	1	1
205526	1	1
205595	1	1
205598	1	1
205600	1	1
205600	42	1
205617	1	1
205617	169	1
205620	1	1
205774	1	1
205774	10	1
205937	1	0
206098	1	1
206542	1	1
206542	12	1
206542	17	1
206542	40	1
207372	1	1
207469	1	1
207887	1	1
207887	9	1
208427	1	1
208427	89	1
279024	1	1
279024	86	1
279029	1	1
279028	1	1
279767	1	1
279760	1	1
279760	77	1
279760	213	1
279760	373	1
279760	609	1
279766	1	1
279766	60	1
279766	429	1
279766	1395	1
279849	1	1
279849	109	1
279844	1	1
279844	83	1
279844	207	1
279855	1	1
279858	1	1
279856	1	1
279860	1	1
279865	1	1
279865	27	1
279850	1	1
279850	17	1
279851	1	1
279859	1	1
279848	1	1
279848	22	1
279853	1	1
199876	1	1
199876	344	1
200244	1	1
200244	612	1
200245	1	1
200253	1	1
200368	1	1
200369	1	1
200369	13	1
200381	1	0
200381	3	1
200519	1	1
200519	528	1
200602	1	1
200961	1	1
205215	1	1
206513	1	1
206906	1	1
276384	1	1
276357	1	1
276357	36	1
276361	1	1
276361	464	1
276349	1	1
276363	1	1
276363	503	1
276347	1	1
276352	1	1
276355	1	1
276362	1	1
276360	1	1
276350	1	1
276351	1	1
277216	1	1
277219	1	1
277217	1	1
277218	1	1
277218	10	1
277220	1	1
277220	29	1
278050	1	1
278062	1	1
278690	1	1
278986	1	1
279356	1	1
279405	1	1
279403	1	1
279841	1	1
279841	75	1
279841	748	1
279841	957	1
279841	1204	1
279840	1	1
282536	1	1
282515	1	1
282521	1	1
282498	1	1
282508	1	1
282523	1	1
282708	1	1
282712	1	1
282712	44	1
282707	1	1
282709	1	1
282710	1	1
282711	1	1
282905	1	1
282906	1	1
284014	1	1
284006	1	1
284006	105	1
284006	162	1
284006	190	1
284025	1	1
284025	155	1
284041	1	1
284036	1	1
284036	140	1
284037	1	1
284037	7	1
284037	258	1
284038	1	1
284042	1	1
284044	1	1
284035	1	1
284035	74	1
284035	278	1
284039	1	1
284029	1	1
284029	39	1
284040	1	1
282310	1	1
282304	1	1
282377	1	1
282377	20	1
282399	1	1
282403	1	1
282412	1	1
282408	1	1
282467	1	1
282842	1	1
282842	14	1
282842	40	1
283049	1	1
283049	81	1
283049	88	1
283059	1	1
283059	69	1
283059	296	1
283050	1	1
283050	38	1
283050	134	1
283067	1	1
283067	9	1
283067	47	1
283067	60	1
283067	80	1
283067	102	1
283067	145	1
283067	152	1
283052	1	1
283052	104	1
283305	1	1
283307	1	1
283307	158	1
283307	297	1
283306	1	1
283306	133	1
283306	278	1
283308	1	1
283308	93	1
283308	360	1
283478	1	1
283478	229	1
283478	324	1
283478	328	1
283478	428	1
283478	589	1
283478	836	1
283548	1	1
283548	149	1
283548	159	1
283934	1	1
283934	33	1
283934	271	1
283934	410	1
283934	698	1
283934	842	1
283934	1075	1
283933	1	1
283933	100	1
283933	119	1
283964	1	1
283964	3	1
283946	1	1
283946	133	1
283946	263	1
283946	425	1
283946	583	1
283946	826	1
283946	1012	1
283946	1225	1
282923	1	1
282923	219	1
282924	1	1
282920	1	1
282921	1	1
282921	84	1
282917	1	1
282917	117	1
282918	1	1
282918	14	1
282919	1	1
282919	101	1
282919	106	1
282919	140	1
282922	1	1
282922	123	1
283041	1	1
283041	134	1
283042	1	1
283042	4	1
283042	8	1
283040	1	1
283040	50	1
283040	53	1
283043	1	1
283043	57	1
283043	193	1
283043	434	1
283039	1	1
283163	1	1
283340	1	1
283820	1	1
283820	51	1
283820	1531	1
283818	1	1
283835	1	1
283830	1	1
283830	414	1
283834	1	1
283877	1	1
283877	64	1
283877	249	1
283877	503	1
283877	1346	1
283878	1	1
283876	1	1
283876	205	1
283876	402	1
283876	554	1
283142	1	1
283108	1	1
283151	1	1
283136	1	1
283122	1	1
283358	1	1
283358	57	1
283358	213	1
283358	515	1
283353	1	1
283353	3	1
283353	167	1
283353	309	1
283353	461	1
283353	656	1
283359	1	1
283359	372	1
283884	1	1
283884	428	1
283884	618	1
283885	1	1
283885	24	1
283885	249	1
283885	444	1
283885	740	1
283885	1482	1
283920	1	1
284043	1	1
284068	1	1
284068	31	1
284068	38	1
284068	53	1
284066	1	1
282374	1	1
282374	36	1
282577	1	1
282567	1	1
282544	1	1
282585	1	1
282586	1	1
283270	1	1
283270	76	1
283270	154	1
283270	304	1
283270	498	1
283270	663	1
283270	912	1
283270	1096	1
283270	1381	1
283270	1906	1
283283	1	1
283283	1315	1
283451	1	1
283453	1	1
283453	154	1
283453	163	1
283453	302	1
283453	491	1
282189	1	1
282196	1	1
282193	1	1
282205	1	1
282218	1	1
282659	1	1
282661	1	1
282663	1	1
282663	223	1
282663	233	1
282663	1100	1
282660	1	1
282662	1	1
282662	37	1
282731	1	1
282731	118	1
282735	1	1
282735	70	1
282735	308	1
282735	1133	1
282730	1	1
282730	90	1
282730	126	1
282732	1	1
282734	1	1
282734	207	1
282733	1	1
282733	29	1
282733	172	1
282814	1	1
282814	153	1
282814	405	1
282814	1116	1
282796	1	1
282799	1	1
282800	1	1
282800	80	1
282800	143	1
282800	235	1
282800	242	1
282800	256	1
282800	312	1
282807	1	1
282807	35	1
282807	243	1
283469	1	1
282599	1	1
282603	1	1
282601	1	1
282601	9	1
283034	1	1
283034	9	1
283034	16	1
283034	18	1
283034	22	1
283034	24	1
283034	28	1
283034	31	1
283034	35	1
283034	40	1
283034	44	1
283034	47	1
283034	55	1
283034	62	1
283034	67	1
283034	74	1
283034	77	1
283413	1	1
283407	1	1
283407	88	1
283408	1	1
283408	90	1
283408	239	1
283408	440	1
283408	609	1
283408	883	1
283408	1073	1
283408	1085	1
283408	1295	1
283408	2122	1
283415	1	1
283416	1	1
283414	1	1
283623	1	1
283642	1	1
283644	1	1
283618	1	1
283630	1	1
283617	1	1
283634	1	1
283636	1	1
283639	1	1
283640	1	1
283646	1	1
283648	1	1
283628	1	1
283633	1	1
283635	1	1
283643	1	1
283645	1	1
283620	1	1
283676	1	1
283685	1	1
283685	7	1
283685	49	1
283685	57	1
283685	74	1
283685	76	1
283685	95	1
283685	98	1
283685	100	1
283685	102	1
283685	157	1
283685	166	1
283685	213	1
283685	256	1
283685	294	1
283680	1	1
283680	22	1
283672	1	1
283675	1	1
283681	1	1
283681	10	1
283682	1	1
283682	175	1
283682	346	1
283861	1	1
283865	1	1
283865	143	1
283865	324	1
283865	484	1
283865	722	1
283865	932	1
283865	1166	1
283858	1	1
283859	1	1
283860	1	1
283863	1	1
274978	1	1
